-2.233807380000000009e+00 5.235897847999999755e+01
1.152179429999999893e+00 5.205427797000000112e+01
-6.292651979999999590e+00 5.333506864999999664e+01
9.004183199999999943e-01 5.188982538999999861e+01
-3.708407999999999927e+00 4.042023410000000183e+01
-2.933802229999999955e+00 5.489453981999999854e+01
-1.602166669999999904e+00 4.421083332999999982e+01
1.000140000000000029e+01 5.354999999999999716e+01
1.729925572999999872e+01 4.046131135000000256e+01
9.388120179999999593e+00 4.773227227999999656e+01
-1.602166669999999904e+00 4.421083332999999982e+01
-1.257725999999999900e+00 5.175202099999999916e+01
7.197094319999999712e+00 4.365930439000000263e+01
1.923203940000000145e+01 5.027108179999999749e+01
9.175262899999999888e+00 4.876431430000000233e+01
-3.206322609999999962e+00 5.595799215000000260e+01
9.150000000000000355e+00 4.604999999999999716e+01
-5.963983579999999840e+00 3.742053446999999977e+01
-3.745661000000000129e-01 3.949782220000000166e+01
4.411053660000000320e+00 5.121732776999999714e+01
2.110701800000000183e+00 4.136733259999999746e+01
-3.688622570000000156e+00 4.042611079000000274e+01
-8.913731599999999977e-01 4.163630981000000020e+01
1.260378850000000028e+01 4.177322269999999804e+01
-3.013913899999999924e+00 5.392171859999999839e+01
2.339999999999999858e+00 4.886999999999999744e+01
-1.149180700000000055e+00 5.353144350000000173e+01
-3.754742160000000162e+00 4.033603605999999786e+01
1.204173482999999933e+01 5.775279105999999985e+01
-2.235644820000000088e+00 5.347799700000000200e+01
-7.704273999999999845e-01 5.201902890000000212e+01
5.726623599999999925e+00 4.518290879999999987e+01
-1.486463399999999879e-01 5.149284231000000034e+01
-8.144989999999999730e-01 5.081905400000000128e+01
2.587749000000000077e+00 5.110183899999999824e+01
-8.668000000000000149e-01 5.080539999999999878e+01
1.865005000000000024e+01 5.435276000000000352e+01
3.135499999999999954e-01 5.148967999999999989e+01
-6.333333330000000316e+00 3.889999999999999858e+01
2.350800000000000001e+00 4.885669999999999646e+01
-3.678744599999999920e+00 4.042385459999999853e+01
1.635773994999999914e+01 4.820675284000000005e+01
-6.194301599999999519e-01 5.198878050999999800e+01
1.075572778000000085e+01 5.993831880999999839e+01
-3.722690099999999891e+00 4.042250059999999934e+01
1.523329999999999984e+01 4.943330000000000268e+01
1.433453880000000069e+01 4.086856360000000166e+01
1.923203940000000145e+01 5.027108179999999749e+01
-3.186700000000000088e+00 5.148530000000000229e+01
-2.053901100000000035e+00 5.259995270000000289e+01
-6.375066000000000066e-02 5.150451738999999662e+01
-9.306819400000000186e+00 5.324394625000000048e+01
-3.691884500000000013e+00 4.046601210000000037e+01
1.260377019999999959e+01 4.177315959999999961e+01
-4.397654999999999759e-01 3.915011710000000278e+01
-3.926494400000000162e+00 4.330867390000000228e+01
-6.201094939999999944e+00 3.648489324999999894e+01
-2.240587619999999891e+00 5.348069089999999903e+01
1.264561830000000064e+01 4.187374030000000147e+01
-2.099791999999999881e+00 5.356121999999999872e+01
-8.626068460000000826e+00 4.095466732999999948e+01
-8.811548200000000719e+00 4.332342005000000285e+01
5.730750099999999847e+00 5.893244930000000181e+01
1.070045730000000006e+01 5.062278870000000097e+01
9.180922309999999698e+00 4.878341662999999784e+01
-8.537012689999999182e+00 3.713803083999999899e+01
-3.296811000000000047e-01 5.170671620000000246e+01
1.206083332999999946e+01 5.775972222000000045e+01
5.412819999999999965e+00 4.330868000000000251e+01
-3.542993000000000059e+00 5.167632299999999645e+01
-1.726377000000000050e+00 5.373674900000000321e+01
8.389791210000000277e+00 4.900418316999999746e+01
6.849637480000000167e+00 4.591546624000000065e+01
-3.349715699999999963e+00 3.897576500000000266e+01
2.779713520000000049e+00 4.887085964999999987e+01
-6.333333330000000316e+00 3.889999999999999858e+01
7.311111099999999530e-01 5.186805556000000195e+01
-8.266669999999999519e+00 4.221670000000000300e+01
1.260380220000000051e+01 4.177316890000000171e+01
1.423263739999999977e+01 4.085341600000000284e+01
-8.566670000000000229e+00 4.118330000000000268e+01
2.307326390000000060e+00 4.897429402000000209e+01
2.312180000000000124e+00 4.883274080000000339e+01
-1.578893000000000102e+00 5.238793400000000133e+01
-3.566669999999999785e+00 4.043330000000000268e+01
-2.670734169999999796e+00 3.675054738000000043e+01
-3.646420800000000018e+00 4.043307420000000008e+01
-4.643055559999999637e+00 3.654361111000000051e+01
1.923203940000000145e+01 5.027108179999999749e+01
-9.189915400000000290e+00 3.879728149999999687e+01
4.428200000000000358e+00 5.119250000000000256e+01
-2.424314040000000059e+00 3.940351678999999763e+01
4.984142450000000224e+00 5.229123707000000110e+01
-4.289749999999999813e-02 5.155022939999999920e+01
2.196239289999999844e+00 4.138442994999999769e+01
1.245333332999999953e+01 4.190222221999999874e+01
2.344278800000000107e+00 4.887407329999999916e+01
-1.226217400000000068e-01 5.151179678999999823e+01
-1.228795499999999929e+00 5.291892239999999958e+01
1.232670000000000066e+01 4.543860000000000099e+01
1.426345829999999992e+01 4.085740659999999735e+01
1.247632742000000050e+01 4.191074091000000124e+01
-1.296188799999999919e-01 5.151643416000000286e+01
2.608692369999999983e+00 4.199187154999999905e+01
-1.458979999999999944e+00 5.496179999999999666e+01
-6.949519999999999698e+00 3.725719999999999743e+01
1.424724420000000080e+01 4.084025340000000170e+01
-1.645774000000000070e+00 4.281252599999999831e+01
1.097709000000000046e+01 5.920212999999999681e+01
5.704166670000000217e+00 5.323666666999999819e+01
1.893817000000000084e+00 4.154563900000000132e+01
6.271903000000000006e+00 5.238731700000000302e+01
-3.602584699999999973e+00 5.597162660000000045e+01
4.767777780000000298e+00 5.246472221999999874e+01
2.553611109999999851e+00 4.743388888999999864e+01
1.087871059000000074e+01 4.552203776000000346e+01
7.097706999999999766e+00 5.150843580000000088e+01
1.435534531000000058e+01 5.000004715000000033e+01
7.097706999999999766e+00 5.150843580000000088e+01
1.446164757999999928e+01 4.997962752000000108e+01
-1.544030940000000074e+00 5.379932989999999648e+01
-5.097616099999999761e+00 3.707419079999999667e+01
1.448950609999999983e+01 5.003311008000000015e+01
-5.097616099999999761e+00 3.707419079999999667e+01
-5.097616099999999761e+00 3.707419079999999667e+01
4.860964599999999969e+00 5.238408559999999881e+01
-6.590355269999999877e+00 3.889165252000000095e+01
1.075461712999999975e+01 5.993758520000000090e+01
1.260379069999999935e+01 4.177322649999999982e+01
-2.283300000000000107e+00 5.353329999999999700e+01
-2.124376000000000042e-02 5.150224174000000232e+01
7.698649900000000379e+00 4.506530000000000058e+01
-8.522500000000000853e+00 4.056638888999999892e+01
5.614722219999999986e+00 5.226277778000000040e+01
-3.600000000000000089e+00 3.718330000000000268e+01
7.530567999999999707e-01 5.224988139999999959e+01
4.464012099999999705e+00 5.191190310000000352e+01
8.633330000000000837e+00 4.743330000000000268e+01
-1.362441000000000069e-01 5.151679610000000054e+01
1.321594600000000064e+01 4.607890199999999936e+01
-2.592742669999999805e+00 5.146051110999999878e+01
-8.576780000000000515e-01 5.082900200000000268e+01
-6.033330000000000304e+00 3.738329999999999842e+01
-9.634840000000000071e-01 5.082851500000000300e+01
9.327147000000000077e+00 4.582783899999999733e+01
1.448742273999999952e+01 4.897433473000000248e+01
-9.136074699999999993e+00 3.940339900000000029e+01
4.657549000000000383e+00 5.248456699999999842e+01
1.582748841999999989e+01 5.019968442999999780e+01
-3.787612179999999995e+00 3.777448242999999906e+01
1.212688529000000059e+01 4.272410100999999827e+01
1.853000000000000114e+01 4.293999999999999773e+01
-5.557676469999999647e+00 4.261291770999999784e+01
-3.862020489999999917e+00 4.048472214000000236e+01
-4.187174100000000121e-01 3.946621703999999653e+01
-2.515099999999999891e+00 4.287919998000000277e+01
-2.235208150000000060e+00 5.346433358000000169e+01
1.260379069999999935e+01 4.177322649999999982e+01
1.923163710000000037e+01 5.027133479999999821e+01
1.253911210000000054e+01 5.568614199999999670e+01
-5.915349700000000155e+00 3.914866210000000279e+01
1.853000000000000114e+01 4.293999999999999773e+01
-3.664452090000000162e+00 4.235566227999999711e+01
-3.191630560000000116e+00 5.594757221999999786e+01
6.668491900000000250e+00 5.236702669999999671e+01
-3.659270000000000023e-01 5.136948699999999945e+01
6.668491900000000250e+00 5.236702669999999671e+01
-1.741418200000000027e-01 5.153475233000000344e+01
-3.542993000000000059e+00 5.167632299999999645e+01
1.338970454000000032e+01 5.247955349000000069e+01
-2.117941099999999910e+00 5.280509190000000075e+01
-2.976799999999999891e+00 5.339950000000000330e+01
-1.791693000000000036e-01 5.140899300000000238e+01
-8.570999999999999730e+00 5.267399999999999949e+01
1.260379069999999935e+01 4.177322649999999982e+01
9.176835829999999916e+00 3.923416198000000321e+01
5.110482570000000280e+00 5.208957657999999924e+01
-1.083299999999999930e+00 5.081669999999999732e+01
1.480990406999999998e+01 5.692057688999999954e+01
5.705144409999999944e+00 5.085036377000000130e+01
4.438977500000000020e+00 5.193681279999999845e+01
4.449519999999999864e-02 5.152310570000000212e+01
-9.455367400000000089e+00 5.156300819999999874e+01
8.416669999999999874e+00 4.843330000000000268e+01
1.311999340000000025e+01 5.238190500000000327e+01
1.189350899000000084e+01 5.762957068000000049e+01
1.260379149999999981e+01 4.177321030000000235e+01
7.473846400000000223e+00 5.152539980000000241e+01
1.330833499999999892e-01 5.219504735000000295e+01
2.183330000000000215e+00 4.138329999999999842e+01
-1.300000000000000044e-01 5.150000000000000000e+01
4.425952030000000370e+00 5.120330698000000069e+01
1.190596524000000045e+01 4.601754388999999890e+01
9.782706279999999310e+00 5.241541937000000217e+01
-8.955077999999999649e-02 5.144197393000000318e+01
6.078624330000000242e+00 5.077396669000000173e+01
8.495874999999999844e+00 4.952519800000000316e+01
-8.955077999999999649e-02 5.144197393000000318e+01
1.320000450000000036e+01 6.115826340000000272e+01
-8.955077999999999649e-02 5.144197393000000318e+01
-8.955077999999999649e-02 5.144197393000000318e+01
-8.955077999999999649e-02 5.144197393000000318e+01
-1.493286340000000045e+00 5.199618920999999716e+01
1.923163710000000037e+01 5.027133479999999821e+01
-8.955077999999999649e-02 5.144197393000000318e+01
-2.087199899999999886e+00 5.356504819999999967e+01
-8.955077999999999649e-02 5.144197393000000318e+01
-4.446447339999999748e+00 3.671057258999999817e+01
1.977151230000000037e+00 4.173785113000000280e+01
3.723152789999999879e+00 5.105375595999999661e+01
1.913435537999999880e+01 4.747967982000000120e+01
-5.973169999999999646e+00 3.738280000000000314e+01
9.987457830000000314e+00 5.354602708000000177e+01
-3.703250000000000153e+00 4.041669999999999874e+01
1.363485999999999865e-01 5.145755770000000240e+01
4.904720000000000191e-01 5.163909999999999911e+01
4.900483219999999918e+00 5.237234818000000303e+01
1.240189902000000011e+01 4.786070353000000210e+01
1.205034266999999915e+01 5.775171376000000123e+01
5.266053299999999826e-01 5.085347124999999835e+01
-1.694923100000000071e-01 5.115831241000000063e+01
1.292145999999999972e+01 5.083635999999999910e+01
4.469640000000000057e+00 5.192315700000000334e+01
4.469951799999999587e+00 5.192428869999999819e+01
2.256944439999999830e+00 4.883472222000000329e+01
-3.707122669999999953e+00 4.041079073000000221e+01
-1.300000000000000044e+00 5.368330000000000268e+01
1.913178033999999883e+01 4.748254499000000095e+01
1.693157400000000123e+01 5.240383099999999672e+01
-1.883144999999999958e-01 5.149950789999999756e+01
1.570670000000000122e-01 5.220045840000000226e+01
9.991944000000000159e+00 5.354333299999999696e+01
4.381040950000000045e+00 5.068574475999999862e+01
-4.013201399999999808e+00 4.063380990000000281e+01
-2.734174199999999999e+00 5.344468040000000286e+01
-1.300000000000000044e-01 5.150000000000000000e+01
1.032358123999999933e+01 4.281279889000000338e+01
-2.316669999999999785e+00 5.211670000000000158e+01
-8.416579999999999728e+00 4.334608690000000308e+01
1.913070618000000067e+01 4.748311550999999753e+01
-9.489389999999999770e-01 5.079066279999999978e+01
-9.069559670000000295e+00 3.886728120000000075e+01
1.983330000000000037e+00 4.246670000000000300e+01
1.069027778000000062e+01 4.443694443999999777e+01
5.043912810000000135e+00 5.156319317999999896e+01
2.431418139999999894e+00 4.154582379000000003e+01
-3.649371400000000154e+00 4.043299585999999834e+01
-4.693796540000000128e+00 5.068306950000000199e+01
1.257994249000000053e+01 5.568087366000000316e+01
-1.480296899999999916e+00 5.337981030000000260e+01
1.258112466000000040e+01 5.567615566999999999e+01
1.327053420000000017e+01 3.750226370000000031e+01
-4.693796540000000128e+00 5.068306950000000199e+01
1.913141745000000071e+01 4.748490292000000323e+01
3.877200000000000202e+00 4.361189999999999856e+01
-2.605042099999999916e+00 5.146324919999999992e+01
1.338407040000000059e+01 5.252344130000000177e+01
2.852484700000000206e+00 4.170282600000000173e+01
1.923163710000000037e+01 5.027133479999999821e+01
1.158329999999999949e+01 4.814999999999999858e+01
1.074525736000000009e+01 5.991181567000000285e+01
1.039638957999999924e+01 6.342895766000000179e+01
-1.419444400000000051e-01 5.150083332999999897e+01
-3.706846999999999781e-01 5.157588959999999645e+01
-1.645729999999999915e+00 4.281412000000000262e+01
1.691100597000000150e+01 5.240383273999999858e+01
1.693101232000000067e+01 5.240493605000000343e+01
9.583330000000000126e+00 4.551670000000000016e+01
-3.542993000000000059e+00 5.167632299999999645e+01
-1.794599999999999973e+00 5.106591029999999876e+01
-6.133329999999999949e+00 3.668330000000000268e+01
1.911100323999999873e+01 4.747050519999999807e+01
-1.300000000000000044e-01 5.150000000000000000e+01
2.350800000000000001e+00 4.885669999999999646e+01
7.312204229999999860e+00 5.029658323000000308e+01
1.138263989999999914e+01 4.447631069999999909e+01
2.169919999999999849e+00 4.138790000000000191e+01
1.233935126999999987e+01 4.543529328000000334e+01
-1.683999999999999941e-01 5.148749999999999716e+01
-1.838799999999999879e-01 5.151348879999999752e+01
2.183330000000000215e+00 4.138329999999999842e+01
-1.245201900000000028e-01 5.152291343000000268e+01
-2.802623979999999904e+00 5.270965162000000248e+01
-7.799999999999999989e-02 5.152600000000000335e+01
-5.650000000000000355e+00 4.096670000000000300e+01
-3.707439899999999788e+00 4.041611100000000079e+01
3.727770159999999944e+00 5.104062256999999647e+01
-2.108520000000000116e-01 5.149450000000000216e+01
1.481959000000000026e+00 4.355257199999999784e+01
1.139364598999999956e+01 4.726749273000000073e+01
8.921087690000000237e+00 4.440808419999999757e+01
1.923163710000000037e+01 5.027133479999999821e+01
9.738120300000000285e+00 5.238221049999999934e+01
-1.510000000000000057e-02 5.160589999999999833e+01
-1.294678999999999969e-01 5.154874800000000334e+01
-3.047829999999999817e+00 5.292463999999999658e+01
-4.779877779999999632e+00 3.788238785000000064e+01
-8.625459700000000396e+00 5.266471099999999694e+01
-3.077774300000000185e+00 5.275898169999999965e+01
3.747889999999999944e+00 5.103610989999999958e+01
8.550082229999999228e+00 4.750375326000000342e+01
-6.112881700000000196e-01 5.170562363999999889e+01
1.138263989999999914e+01 4.447631069999999909e+01
1.342529150000000016e+01 5.254678229999999672e+01
-2.933555639999999798e+00 4.326375628000000262e+01
9.175262899999999888e+00 4.876431430000000233e+01
2.293988199999999811e+00 4.885800323000000134e+01
-1.449311800000000039e+00 5.094084780000000023e+01
4.713596800000000031e-01 5.173187871999999743e+01
9.219990140000000167e+00 4.918887828999999812e+01
-1.296188799999999919e-01 5.151643416000000286e+01
-1.171408099999999980e-01 3.853712085000000087e+01
1.230000000000000071e+01 5.783330000000000126e+01
-9.499999999999999556e-01 3.808330000000000126e+01
-5.066056299999999624e+00 5.015247339999999809e+01
1.197545999999999999e+01 5.148129000000000133e+01
3.174066299999999785e+00 3.672961620000000238e+01
1.912994499999999931e+01 4.748397700000000299e+01
1.598170099999999927e+01 4.580679200000000151e+01
3.250375990000000215e+00 5.082361381999999850e+01
-4.446388879999999766e+00 3.671071030000000235e+01
-3.077762599999999793e+00 5.275899359999999660e+01
1.230385959999999912e+01 4.588294900000000354e+01
-2.871350179999999863e+00 5.313414917000000059e+01
5.295089700000000121e+00 5.166992249999999842e+01
1.247057382999999930e+01 4.188975153999999890e+01
1.135087000000000040e-01 5.219935610000000281e+01
1.630818864000000090e+01 4.809962297999999947e+01
1.441594010000000026e+01 5.008689182999999900e+01
-6.796669999999999767e+00 5.318189999999999884e+01
4.469951799999999587e+00 5.192428869999999819e+01
-4.627031170000000415e+00 3.653310207999999903e+01
-8.773731999999999365e-02 5.356448381999999953e+01
9.807008600000000076e-01 5.219970086000000009e+01
-2.596999999999999864e-01 5.152360000000000184e+01
-7.308574799999999705e+00 5.499661239999999651e+01
-1.074500000000000038e-01 3.993227009999999666e+01
-8.824465000000000003e+00 3.976158670000000228e+01
1.455070279999999983e+01 5.013437179999999671e+01
-8.685883000000000465e+00 3.923205899999999957e+01
4.356666670000000074e+00 5.084388889000000233e+01
1.456487019000000060e+01 5.012472078999999781e+01
1.225444697000000005e+01 4.548421779000000242e+01
4.420967100000000372e+00 5.121855082999999809e+01
1.923163710000000037e+01 5.027133479999999821e+01
-1.617650990000000011e+00 5.496832747999999924e+01
1.296208690000000052e+00 5.262843254999999942e+01
-3.662953379999999814e+00 4.048462484000000217e+01
-2.433011350000000128e+00 5.308910113999999680e+01
1.296208690000000052e+00 5.262843254999999942e+01
-9.146247199999999467e+00 3.872038575999999921e+01
8.303509119999999299e+00 4.704867689000000297e+01
-8.746458999999999484e-02 5.152578152000000244e+01
8.981722899999999399e+00 4.440798689999999738e+01
1.391822125000000021e+01 4.283416249999999792e+01
-2.433011350000000128e+00 5.308910113999999680e+01
-2.033929899999999957e+00 4.267260279999999995e+01
-6.950000000000000178e+00 3.725000000000000000e+01
1.062768458999999943e+01 4.560304946000000115e+01
3.733829399999999965e-01 5.081937005999999712e+01
6.168127300000000091e+00 3.556280170000000140e+01
-1.359051170000000086e+00 5.283128822999999841e+01
1.205089948000000000e+01 5.775179603000000128e+01
4.892222219999999844e+00 5.237305555999999740e+01
-4.416669999999999874e+00 3.671670000000000300e+01
-3.703551290000000051e+00 4.041663279000000131e+01
-3.631444060000000196e+00 4.040081881999999780e+01
1.230385869999999926e+01 4.588294839999999652e+01
-9.136799999999999145e+00 3.870839999999999748e+01
-3.542993000000000059e+00 5.167632299999999645e+01
-3.865267039999999987e+00 4.111616276000000170e+01
1.311999340000000025e+01 5.238190500000000327e+01
-2.450000000000000178e+00 3.683330000000000126e+01
-6.887042499999999734e+00 3.971891320000000292e+01
-9.155400300000000158e+00 3.875392910000000057e+01
1.260377090000000067e+01 4.177327999999999975e+01
-3.401763899999999952e-01 5.174972626000000275e+01
-3.401763899999999952e-01 5.174972626000000275e+01
1.564949928000000057e+01 4.655900462999999689e+01
-5.991890240000000034e+00 3.738607721999999711e+01
-3.401763899999999952e-01 5.174972626000000275e+01
-4.397419000000000189e-01 3.915011919999999890e+01
-4.024965299999999857e+00 4.064515389999999684e+01
-3.401763899999999952e-01 5.174972626000000275e+01
-3.401763899999999952e-01 5.174972626000000275e+01
-3.401763899999999952e-01 5.174972626000000275e+01
-2.986034660000000063e+00 5.374774775000000204e+01
-3.401763899999999952e-01 5.174972626000000275e+01
-3.401763899999999952e-01 5.174972626000000275e+01
-2.025599999999999901e-01 5.190223999999999904e+01
1.149339840000000024e+01 4.812342629999999843e+01
-1.278079240000000061e+00 5.343554214000000258e+01
4.832030900000000351e+00 5.241730290000000281e+01
1.924870680000000078e+01 5.025553870000000245e+01
1.260377090000000067e+01 4.177327999999999975e+01
-6.200000000000000178e+00 3.646670000000000300e+01
6.886298799999999609e+00 5.220647699999999958e+01
-8.607409759999999466e+00 4.115329626999999846e+01
1.391806097999999992e+01 4.283422149999999817e+01
4.425950989999999585e+00 5.120330678999999918e+01
6.886298799999999609e+00 5.220647699999999958e+01
-2.276729759999999825e+00 5.188913973999999740e+01
-8.545657430000000332e+00 3.712056293999999923e+01
3.158903089999999914e+00 5.071373803000000180e+01
-2.276729759999999825e+00 5.188913973999999740e+01
1.629499902999999961e+01 4.819493094999999983e+01
9.761111099999999485e-01 5.091333333000000039e+01
-2.981725930000000080e+00 5.340990917999999965e+01
1.224267698000000060e+01 4.179661435999999952e+01
1.107951560000000057e+01 4.945500669999999843e+01
-5.997860560000000341e+00 3.738787234000000126e+01
-1.507090399999999886e-01 5.157553048999999845e+01
-6.045031100000000102e-01 5.148392171999999789e+01
2.708942200000000078e+00 4.883647859999999952e+01
-6.335640599999999845e-01 3.518234651000000213e+01
7.266300000000000203e+00 4.370340000000000202e+01
5.820500380000000362e+00 5.064829573000000096e+01
6.757922169999999618e+00 5.120752868000000291e+01
5.110316280000000155e+00 5.208955351000000178e+01
2.366149899999999917e+00 4.886220169999999996e+01
1.356796190000000024e+01 4.837203679999999650e+01
-2.196248600000000106e+00 5.257678090000000282e+01
2.377762000000000153e+00 4.885100200000000115e+01
-2.348870080000000193e+00 5.348962693000000002e+01
-1.583924600000000016e+00 3.740473260000000266e+01
-3.692799999999999971e-01 3.946117999999999881e+01
3.228265030000000202e+00 5.120765842000000134e+01
-6.267249999999999766e+00 5.334401199999999932e+01
-7.257584800000000058e+00 5.504824980000000068e+01
-6.668420000000000236e+00 5.512528999999999968e+01
-2.601999999999999869e+00 5.239800000000000324e+01
-5.022648300000000177e+00 5.679869639999999720e+01
2.779713520000000049e+00 4.887085964999999987e+01
1.346475548000000089e+01 5.251635301000000311e+01
1.342526389999999914e+01 5.254679670000000158e+01
-7.624772819999999562e+00 4.346094184999999754e+01
-1.583937300000000103e+00 3.740472429999999804e+01
-1.194904900000000048e-01 5.150326971999999870e+01
-5.728917100000000318e+00 4.151383919999999961e+01
-9.154279400000000066e+00 5.410826169999999991e+01
-6.278672870000000295e+00 3.650718480999999827e+01
-5.333495329999999868e+00 3.589303326999999655e+01
-8.409882720000000589e+00 4.336836001000000351e+01
8.680615400000000648e+00 5.011144509999999741e+01
1.433473530000000018e+01 4.086882510000000224e+01
9.207440399999999414e+00 4.546820069999999703e+01
-1.170102500000000045e+00 5.294875125000000082e+01
-2.040367129999999918e+00 5.191684994999999958e+01
-5.914458459999999640e+00 5.460359102000000320e+01
1.904981989999999925e+01 4.750196079999999910e+01
1.608330000000000126e+01 4.956669999999999732e+01
-2.884240000000000137e+00 5.406329999999999814e+01
-3.799999999999999822e+00 4.028329999999999700e+01
-8.824432800000000299e+00 3.976157359999999841e+01
-2.993231559999999902e+00 5.345197198000000327e+01
-3.542993000000000059e+00 5.167632299999999645e+01
9.185313439999999829e+00 4.547983732000000145e+01
-9.142119850000000270e+00 3.871113453000000248e+01
1.200030570000000019e+01 4.527891919999999715e+01
-7.558473999999999748e-02 5.150514918999999736e+01
1.493629549999999995e+01 4.987822229999999735e+01
2.140260699999999794e+00 4.136414781999999946e+01
-2.710814989999999813e+00 5.376531776000000207e+01
-3.683330000000000215e+00 4.039999999999999858e+01
-3.053838600000000181e+00 5.307063829999999882e+01
4.639949999999999797e+00 5.119339999999999691e+01
-2.280035919999999994e+00 5.336655497000000281e+01
1.158329999999999949e+01 4.814999999999999858e+01
-5.934026720000000310e+00 5.459528750999999858e+01
-3.671197400000000055e+00 4.042428170000000165e+01
5.453999999999999737e+00 4.353110000000000213e+01
1.857957970000000003e+01 5.440345320000000129e+01
-1.440676099999999904e+00 5.091418290000000013e+01
1.441670000000000051e+01 5.008330000000000126e+01
2.323640580000000178e+00 4.885032173999999827e+01
-8.406791999999999376e+00 4.336145299999999736e+01
1.725468599999999963e-01 5.104896109999999965e+01
7.279999919999999847e+00 4.369477039000000218e+01
2.166669999999999985e-01 5.171670000000000300e+01
3.112590040000000169e+00 5.130892819000000316e+01
1.248230000000000040e+01 4.189549999999999841e+01
-2.982380490000000162e+00 4.766323562000000180e+01
-1.170102500000000045e+00 5.294875125000000082e+01
2.177241089999999879e+00 4.141085559999999788e+01
4.351710299999999698e+00 5.085033959999999809e+01
-6.336474800000000407e-01 3.518228979999999950e+01
-3.053838600000000181e+00 5.307063829999999882e+01
9.242600400000000604e+00 4.548321909999999946e+01
1.230383890000000058e+01 4.588293550000000209e+01
-5.538700099999999793e+00 3.989310069999999797e+01
-1.261780000000000124e-01 5.151539230000000202e+01
1.153168400000000027e+01 4.807072500000000304e+01
-6.598045520000000330e+00 4.254374479999999892e+01
1.015904367000000086e+01 3.680856099999999742e+01
-1.296188799999999919e-01 5.151643416000000286e+01
-3.185899999999999843e-01 5.124171830000000227e+01
-1.698569000000000051e-01 5.142617510000000181e+01
-1.797222199999999881e-01 5.093638889000000347e+01
-8.414386450000000295e+00 4.337044585999999669e+01
9.199999999999999289e+00 4.546670000000000300e+01
2.293080100000000066e+00 4.887380979999999653e+01
-7.652389999999999581e+00 3.712189690000000297e+01
-2.443900000000000183e+00 5.188920000000000243e+01
-6.649879999999999569e+00 5.519950000000000045e+01
1.423333329999999952e+00 5.137083333000000351e+01
3.049526399999999970e+00 3.679211190000000187e+01
1.342072959999999959e+01 5.250101089999999715e+01
-6.241182000000000230e+00 5.520744729999999834e+01
-1.694568499999999922e-01 5.231893347999999833e+01
-1.693423499999999970e+00 5.263513809999999893e+01
5.200000000000000178e-01 4.629833332999999840e+01
1.904084963000000030e+01 4.754232547000000153e+01
1.439840000000000053e+01 5.008975000000000222e+01
1.257850000000000079e-01 5.220091299999999990e+01
1.125479336999999980e+01 4.377329891000000117e+01
-6.266922300000000057e+00 5.332614540000000147e+01
-2.363479889999999806e+00 5.138472688000000232e+01
-1.075027199999999961e-01 5.151808999000000000e+01
1.311999340000000025e+01 5.238190500000000327e+01
-1.073966499999999963e-01 5.150538977000000074e+01
2.406682400000000055e-01 5.202065858999999648e+01
2.318953699999999785e+00 4.889063300000000112e+01
-3.703250000000000153e+00 4.041669999999999874e+01
1.200029280000000043e+01 4.527891559999999771e+01
3.991041000000000172e-01 5.274720820000000288e+01
6.168127300000000091e+00 3.556280170000000140e+01
-4.722220000000000063e-03 5.150611110999999909e+01
-8.190867470000000594e+00 4.350254933000000079e+01
-3.542993000000000059e+00 5.167632299999999645e+01
-6.975049999999999306e-02 5.154578709999999830e+01
1.342557060000000035e+01 5.254691090000000031e+01
1.571175960000000060e+01 4.132508090000000323e+01
1.516669999999999963e+00 4.254999999999999716e+01
1.442083333000000067e+01 5.009944443999999919e+01
1.247310872999999987e+01 4.189878919000000224e+01
-2.064305899999999971e-01 5.109798835000000139e+01
-1.285393300000000072e-01 5.151643753999999831e+01
-1.373764049999999903e+00 5.182504357999999911e+01
6.600000000000000311e-01 3.800000000000000000e+01
4.937357399999999785e+00 4.575107570000000123e+01
-6.966899999999999871e+00 3.887890000000000157e+01
2.393999999999999947e-02 5.150804140000000331e+01
-8.726116910000000004e+00 4.222691540999999660e+01
1.345264141000000002e+01 5.248905074000000326e+01
1.036669999999999980e+01 4.275000000000000000e+01
-3.047829999999999817e+00 5.292463999999999658e+01
-3.705771700000000113e+00 4.042013430000000085e+01
-2.994308160000000107e+00 5.273575413999999739e+01
6.015424000000000326e-01 4.162915770000000037e+01
-3.674449899999999936e+00 4.042715069999999855e+01
1.133348082000000012e+01 4.331845888000000144e+01
1.039600519999999939e+01 4.372251090000000318e+01
-5.799999999999999822e+00 3.891669999999999874e+01
1.336802791999999940e+01 3.816594853000000143e+01
2.539229999999999959e-03 5.150277163999999885e+01
7.763104649999999829e+00 4.856210801000000288e+01
1.208944443999999940e+01 4.447333333000000266e+01
3.895661449999999970e+00 4.360594806999999662e+01
4.402827850000000431e+00 5.122231143999999858e+01
9.189513820000000166e+00 4.549252343999999937e+01
5.704166670000000217e+00 5.323666666999999819e+01
1.158198100000000075e+01 4.813512500000000216e+01
1.883667909000000051e+01 4.227847985999999736e+01
-4.643055559999999637e+00 3.654361111000000051e+01
1.260374110000000059e+01 4.177326719999999938e+01
1.478330000000000055e+01 4.089999999999999858e+01
9.403779209999999722e+00 4.632096894000000020e+01
1.149337290000000067e+01 4.812342739000000336e+01
2.553611109999999851e+00 4.743388888999999864e+01
4.029341699999999804e+00 5.093752359999999868e+01
1.893817000000000084e+00 4.154563900000000132e+01
1.893817000000000084e+00 4.154563900000000132e+01
-3.767900000000000138e-01 3.946969990000000195e+01
7.389820000000000277e+00 5.034899999999999665e+01
8.665729999999999933e+00 4.955210000000000292e+01
-6.099999999999999645e+00 5.010199999999999676e+01
-5.582690000000000395e-03 5.154307603000000171e+01
1.452095914999999948e+01 5.011632623999999936e+01
1.158198100000000075e+01 4.813512500000000216e+01
2.174999999999999822e+00 4.138000000000000256e+01
1.037815780999999937e+01 6.336184472000000056e+01
-3.683330000000000215e+00 4.039999999999999858e+01
1.451637297000000082e+01 5.012065247999999684e+01
8.921087690000000237e+00 4.440808419999999757e+01
7.805555600000000371e-01 5.197222221999999903e+01
-6.898478100000000168e+00 4.071935169999999715e+01
-6.245775980000000338e+00 5.342842723999999777e+01
2.629596279999999897e+00 4.160302539999999993e+01
5.990833330000000068e+00 5.221583333000000238e+01
-3.827053999999999734e-01 3.949369860000000187e+01
-4.006427399999999750e+00 4.062665359999999737e+01
-1.350903999999999994e-01 5.151404569999999694e+01
1.097626000000000018e-01 3.869087520000000069e+01
-1.219714030000000005e+00 3.798914189999999991e+01
-2.695771230000000074e+00 4.283407801999999975e+01
-4.309151120000000112e+00 5.586246296000000200e+01
4.100563440000000170e+00 5.102285787000000283e+01
5.418846900000000133e+00 5.095491899999999674e+01
-1.693971799999999917e+00 5.263341319999999968e+01
-1.716669999999999918e+00 5.435000000000000142e+01
6.168127300000000091e+00 3.556280170000000140e+01
1.056153600000000026e+01 4.977140899999999846e+01
1.056153600000000026e+01 4.977140899999999846e+01
5.418846900000000133e+00 5.095491899999999674e+01
5.847899899999999818e+00 5.304994959999999793e+01
1.669237859000000057e+01 5.931725669000000067e+01
1.637310000000000088e+01 4.820830000000000126e+01
2.177241089999999879e+00 4.141085559999999788e+01
-4.194975099999999735e+00 5.580630010000000141e+01
-4.681029999999999913e-01 5.147171000000000163e+01
-8.745621000000000089e-01 5.221888400000000274e+01
2.140216500000000188e+00 4.136415238000000016e+01
4.346092060000000146e+00 5.124324323999999820e+01
1.555167432000000005e+01 4.056965815000000219e+01
1.332295700000000060e+01 3.816271969999999669e+01
2.170561549999999951e+00 4.139333050999999841e+01
2.462755100000000030e-01 5.316243380000000229e+01
-3.545597000000000332e-02 5.205369759999999957e+01
-3.108750730000000129e+00 5.276899121000000292e+01
1.706896019999999936e+01 5.114142989999999855e+01
-2.454055610000000165e+00 5.268052620000000275e+01
-1.083333300000000055e+00 5.081666669999999897e+01
2.183330000000000215e+00 4.138329999999999842e+01
-2.402699950000000140e+00 4.323600006000000207e+01
-6.042930000000000135e+00 5.512577999999999889e+01
-3.738021610000000106e+00 4.029876708999999835e+01
-4.118199900000000246e-01 3.945082854999999711e+01
2.143721339999999920e+00 4.142757415999999893e+01
-3.893976209999999938e+00 4.032475280999999967e+01
1.224214888999999928e+01 4.179605134999999905e+01
7.017340370000000327e+00 4.361104372999999867e+01
2.651060100000000030e+00 3.957027049999999946e+01
6.148630340000000416e+00 4.913735725000000087e+01
1.342557060000000035e+01 5.254691090000000031e+01
-6.063021319999999825e+00 3.737920247999999646e+01
-1.399999999999999911e+00 3.964999999999999858e+01
8.699111939999999876e+00 5.010560694000000126e+01
8.699111939999999876e+00 5.010560694000000126e+01
-3.006469800000000081e+00 4.333486760000000260e+01
9.197067699999999846e+00 4.546536595999999975e+01
1.260374939999999988e+01 4.177326289999999887e+01
-8.760514000000000578e+00 4.138432900000000103e+01
-4.623759770000000380e+00 4.315364409000000023e+01
1.448736191000000062e+01 4.897286506999999744e+01
-6.259699999999999598e+00 5.334779999999999944e+01
1.906352997000000116e+01 4.748733902000000029e+01
-8.428389999999999493e-02 5.150443909999999903e+01
-3.542993000000000059e+00 5.167632299999999645e+01
1.090216880000000055e+00 5.128458813000000305e+01
9.711429000000000755e+00 5.237199600000000288e+01
-6.259100000000000108e+00 5.334729999999999706e+01
-6.585895410000000005e+00 5.520932841999999852e+01
1.136469637999999982e+01 4.795615656999999743e+01
-1.121000000000000052e-01 5.151619999999999777e+01
-4.577648599999999957e-01 5.147099561000000278e+01
1.260374939999999988e+01 4.177326289999999887e+01
-6.335546699999999865e-01 3.518236539000000107e+01
-3.702850100000000033e+00 4.043059920000000318e+01
-1.750000000000000000e+00 5.379099999999999682e+01
-6.116670000000000051e+00 3.878329999999999700e+01
-4.249735600000000169e+00 5.584205190000000130e+01
-7.418524530000000006e+00 3.719320928999999865e+01
2.327860100000000099e+00 4.885005950000000041e+01
9.752247300000000507e+00 4.911392860000000127e+01
1.230380279999999971e+01 4.588291809999999771e+01
3.241835019999999901e+00 5.119219960000000214e+01
1.427226630000000007e+01 4.089816600000000335e+01
6.960278999999999883e+00 5.093753099999999989e+01
-4.833330000000000126e-01 3.835000000000000142e+01
2.183330000000000215e+00 4.138329999999999842e+01
-1.416332999999999898e-01 5.151671600000000240e+01
-5.577777800000000008e-01 5.133222221999999846e+01
4.513893999999999629e+00 5.215480800000000272e+01
-1.876153000000000126e-01 5.148165889999999933e+01
4.425955280000000158e+00 5.120330651999999816e+01
-6.616670000000000051e+00 3.889999999999999858e+01
1.960501095000000049e+01 4.907815044000000171e+01
4.100843290000000252e+00 5.102283747999999974e+01
-1.499096999999999902e+00 5.368296500000000293e+01
1.260372450000000022e+01 4.177327199999999863e+01
4.373457130000000248e+00 5.083830635999999714e+01
-6.334516199999999930e-01 3.518226383999999740e+01
-3.708982600000000129e+00 4.041550246999999985e+01
1.821384200000000009e+00 4.172632200000000324e+01
-8.604094269999999156e+00 4.331969245999999885e+01
7.756299610000000122e+00 4.857375867999999741e+01
-2.259828700000000024e-01 5.149330421999999885e+01
-2.522345000000000059e+00 5.354890000000000327e+01
-7.693417000000000172e-01 3.834608440000000229e+01
-3.533329999999999860e+00 4.043330000000000268e+01
2.169919999999999849e+00 4.138790000000000191e+01
2.330427999999999944e+00 4.886495399999999734e+01
-4.577648599999999957e-01 5.147099561000000278e+01
1.158329999999999949e+01 4.814999999999999858e+01
-5.699012950000000188e+00 4.353267774999999773e+01
-2.103869899999999848e+00 5.364162830000000071e+01
4.980185729999999644e+00 5.236009063000000197e+01
1.311999340000000025e+01 5.238190500000000327e+01
-1.296188799999999919e-01 5.151643416000000286e+01
-3.304404390000000191e+00 5.157560881999999935e+01
8.719920560000000265e+00 4.807798977000000207e+01
2.163611110000000171e+00 4.139277778000000296e+01
-5.783000000000000362e-01 4.483859999999999957e+01
-7.600000000000000089e-01 5.203999999999999915e+01
-5.809859999999999580e+00 5.485750000000000171e+01
-1.202352000000000087e+00 5.080209390000000269e+01
9.167517099999999530e+00 4.877319989000000078e+01
-4.397791999999999812e-01 3.915011319999999984e+01
-4.798494999999999844e-01 3.942512860000000074e+01
4.900052549999999840e+00 5.234497495000000100e+01
-4.194975099999999735e+00 5.580630010000000141e+01
1.505593001999999991e+01 6.052875320999999786e+01
1.725468599999999963e-01 5.104896109999999965e+01
-2.524982930000000181e+00 5.340613232999999838e+01
4.197549700000000050e-01 5.158264985000000280e+01
-8.745758999999999617e-01 5.221889970000000147e+01
3.033031900000000114e+00 3.671799159999999773e+01
-1.612656899999999893e-01 5.151501154000000327e+01
6.848773959999999938e+00 5.271848209000000196e+01
-1.450197999999999939e-02 5.160393332999999672e+01
1.526380177000000060e+01 4.622910662000000315e+01
-3.542993000000000059e+00 5.167632299999999645e+01
-4.452356199999999653e+00 3.669711300000000165e+01
1.521267989999999948e+01 5.927154159999999905e+01
4.100732800000000289e+00 5.102296057000000218e+01
4.865054999999999907e+00 4.574792200000000264e+01
1.212994959999999978e+01 5.408855059999999781e+01
2.200277779999999961e+00 4.138666666999999677e+01
1.051873164000000038e+01 4.384087583000000166e+01
9.249489280000000591e+00 4.547896793999999687e+01
-1.269221500000000113e-01 5.151928185999999954e+01
-3.698523110000000003e+00 4.042177626000000146e+01
-2.150858040000000138e+00 5.226543909000000099e+01
1.258689470000000021e+01 4.404114691000000192e+01
9.952411650000000165e+00 5.215358281000000318e+01
-2.245025900000000019e-01 5.150413892000000260e+01
-3.705672620000000084e+00 4.045538296000000145e+01
-3.271617700000000184e-01 5.174557432999999662e+01
-4.849999999999999645e+00 3.704999999999999716e+01
-1.969320100000000018e+00 5.171718299999999857e+01
2.169179999999999886e+00 4.137422200000000316e+01
-2.802685739999999814e+00 5.404993838000000039e+01
-2.403326999999999991e+00 5.737304205000000223e+01
3.698799909999999969e+00 5.116819324000000080e+01
-2.124376000000000042e-02 5.150224174000000232e+01
1.237163007000000015e+01 5.139503198999999967e+01
7.783099999999999463e-01 5.265219119999999720e+01
-3.271968900000000180e-01 5.174581158000000158e+01
6.150000000000000355e+00 4.620000000000000284e+01
-2.133329999999999949e+00 4.006669999999999732e+01
2.147242299999999826e+00 4.138746113999999920e+01
-3.683330000000000215e+00 4.039999999999999858e+01
1.432149000000000072e+01 4.084868999999999772e+01
-9.043018999999999363e-02 5.150561185000000108e+01
1.552885999999999989e+01 3.818860000000000099e+01
-1.405018500000000115e-01 5.152517352000000272e+01
-3.324244750000000082e+00 5.158935342000000190e+01
-1.850000000000000089e+00 3.898329999999999984e+01
-2.229503600000000141e+00 5.332908249999999839e+01
2.183330000000000215e+00 4.138329999999999842e+01
-1.262361999999999929e-01 5.150015239999999750e+01
1.000140000000000029e+01 5.354999999999999716e+01
-1.518551599999999890e-01 5.152108782999999903e+01
-3.817319200000000023e+00 5.330423770000000161e+01
-1.898789410000000011e+00 5.247763124000000090e+01
-2.902059700000000131e+00 5.661896610000000152e+01
6.168127300000000091e+00 3.556280170000000140e+01
-2.363479889999999806e+00 5.138472688000000232e+01
-3.413719200000000065e+00 3.873507000000000033e+01
6.774429800000000057e+00 5.122613909999999748e+01
1.332295700000000060e+01 3.816271969999999669e+01
3.285286999999999846e+00 5.080487500000000267e+01
-6.335208399999999740e-01 3.518229663000000329e+01
-1.311695000000000055e+00 5.088463399999999837e+01
-5.743577959999999649e+00 3.682030996999999672e+01
2.432918480000000105e+00 4.880607763999999804e+01
-1.300094000000000083e+00 5.085267799999999738e+01
-3.000000000000000000e+00 5.341669999999999874e+01
-2.576000000000000068e+00 5.146999999999999886e+01
-5.381249999999999645e+00 3.617886570000000290e+01
1.260380999999999929e+01 4.177318110000000217e+01
-2.802402700000000024e+00 5.355932889999999702e+01
-1.912890509999999988e+00 5.248703683000000098e+01
3.833330000000000126e+00 4.003329999999999700e+01
2.330934860000000164e+00 4.887089540000000198e+01
1.026438049999999969e+01 4.712741090000000099e+01
1.442553404999999955e+01 5.009604783999999711e+01
4.281454550000000303e+00 5.211329002000000088e+01
-3.108558630000000100e+00 5.595019620000000060e+01
-3.542993000000000059e+00 5.167632299999999645e+01
-9.476116160000000121e+00 3.872557382000000104e+01
-1.097304100000000004e-01 5.153741491000000252e+01
2.339935999999999794e+00 4.884449899999999900e+01
-8.406848000000000098e+00 4.336144099999999924e+01
-1.349559999999999926e-01 5.151677500000000265e+01
1.335481350000000056e+01 5.250570056000000108e+01
1.051393423000000027e+01 4.543034023999999960e+01
7.100227679999999708e+00 5.074945898000000000e+01
-9.150214110000000289e+00 3.877566502999999898e+01
1.401055251999999918e+01 4.268587583000000052e+01
1.448684349000000005e+01 4.897330914999999862e+01
-9.369157389999999808e+00 3.869370336000000066e+01
1.632830008000000177e+01 4.818212789999999757e+01
-9.141690300000000491e+00 3.873477940000000075e+01
-3.827306999999999793e-01 3.949377799999999894e+01
1.904842225000000155e+01 4.750545140999999916e+01
4.224445799999999807e+00 5.198904540000000196e+01
5.562445399999999651e+00 5.063729490000000055e+01
4.224445799999999807e+00 5.198904540000000196e+01
-3.208186400000000216e+00 5.594995120000000099e+01
4.513893999999999629e+00 5.215480800000000272e+01
1.382995629999999920e+01 4.281114000000000175e+01
4.343187300000000306e+00 5.205183399999999949e+01
-2.501537429999999951e+00 5.263162951999999706e+01
2.302966119999999783e+00 4.887117932999999681e+01
1.062768458999999943e+01 4.560304946000000115e+01
-3.388031000000000237e-01 5.175333948000000106e+01
-3.388031000000000237e-01 5.175333948000000106e+01
-3.388031000000000237e-01 5.175333948000000106e+01
-3.388031000000000237e-01 5.175333948000000106e+01
-3.388031000000000237e-01 5.175333948000000106e+01
-1.135303970000000051e+00 5.263600600000000185e+01
1.261753442000000014e+01 4.193884228999999664e+01
-3.388031000000000237e-01 5.175333948000000106e+01
1.098329999999999984e+01 4.543330000000000268e+01
-5.977790839999999939e+00 3.738413649000000305e+01
-1.002909000000000023e-01 5.152301690000000178e+01
1.345071197000000041e+01 5.250110197000000056e+01
-6.366670000000000051e+00 3.948329999999999984e+01
9.112546229999999525e+00 3.925052192999999789e+01
-6.334809500000000426e-01 3.518221271000000172e+01
-6.898481499999999933e+00 4.071938860000000204e+01
-3.629036339999999861e+00 4.054424017000000191e+01
1.163310099999999903e+00 5.127679059999999822e+01
9.183329999999999771e+00 4.876670000000000016e+01
1.248230000000000040e+01 4.189549999999999841e+01
4.464012099999999705e+00 5.191190310000000352e+01
1.342528199999999927e+01 5.254680220000000190e+01
-8.745798000000000183e-01 5.221889649999999961e+01
-2.233918919999999808e+00 5.343661050000000046e+01
-6.337409999999999988e-01 5.160211199999999820e+01
-3.764377799999999996e-01 3.947699164000000138e+01
6.142296100000000258e+00 4.619839220000000068e+01
2.369167000000000023e+00 4.885333299999999923e+01
9.738089000000000439e+00 5.238224209999999914e+01
5.030838000000000143e+00 5.169445900000000194e+01
5.433394780000000424e+00 4.329627760000000336e+01
-4.650000000000000355e+00 3.751670000000000016e+01
2.341616670000000067e+00 4.885744721999999740e+01
2.005553541999999823e+01 4.998342049000000031e+01
-7.209749899999999823e-01 5.237611152000000203e+01
-4.468758479999999977e+00 5.414318526999999648e+01
-7.033330000000000304e+00 4.353329999999999700e+01
-1.018442719999999913e+00 5.207438444000000288e+01
-7.561632499999999535e-01 5.199223085999999938e+01
4.400507209999999780e+00 5.206596070999999881e+01
-3.433330000000000215e+00 4.023329999999999984e+01
7.390679999999999472e-02 5.139020000000000010e+01
-1.884715399999999930e-01 5.151687193000000065e+01
1.260378569999999954e+01 4.177321400000000295e+01
-2.884240000000000137e+00 5.406329999999999814e+01
-2.884240000000000137e+00 5.406329999999999814e+01
-4.103019999999999889e+00 4.067864000000000146e+01
1.983901353999999984e+01 4.524784723999999869e+01
-3.186293019999999920e+00 5.594500184000000331e+01
-1.217316999999999982e-01 5.151914482000000106e+01
7.758517999999999581e+00 4.858433899999999994e+01
1.311999340000000025e+01 5.238190500000000327e+01
-6.247922609999999821e+00 5.334890034000000014e+01
-1.419444400000000051e-01 5.150083332999999897e+01
-1.583918799999999960e+00 3.740472139999999968e+01
-3.688327070000000152e+00 4.045311522000000082e+01
3.154280000000000191e-03 5.150285245999999972e+01
-3.325022619999999929e+00 5.159049370000000323e+01
-5.394480799999999965e-01 5.322945039999999750e+01
-3.542993000000000059e+00 5.167632299999999645e+01
4.346092060000000146e+00 5.124324323999999820e+01
2.303976449999999954e+00 4.883247155000000106e+01
-1.884715399999999930e-01 5.151687193000000065e+01
1.312367999999999868e-01 5.220254409999999723e+01
2.183330000000000215e+00 4.138329999999999842e+01
1.250000000000000000e+01 4.189999999999999858e+01
-4.193279300000000154e-01 5.150495662000000152e+01
1.437275226000000039e+01 4.062725488000000240e+01
5.562282200000000287e+00 5.063732900000000114e+01
-4.662739999999999940e-02 5.164807470000000222e+01
-1.261780000000000124e-01 5.151539230000000202e+01
-1.129519099999999998e+00 5.263477040000000073e+01
9.982391700000000867e+00 5.367094509999999730e+01
5.069650000000000212e+00 5.017094999999999771e+01
-1.701090599999999897e+00 3.766751932999999752e+01
-2.522372219999999832e+00 5.354891332999999776e+01
-4.036159999999999748e+00 3.987366870000000318e+01
1.431253099999999989e+01 4.830521569999999798e+01
-3.827347999999999861e-01 3.949375669999999872e+01
9.833330000000000126e+00 4.554999999999999716e+01
-1.583918799999999960e+00 3.740472139999999968e+01
1.260378569999999954e+01 4.177321400000000295e+01
-3.325042170000000130e+00 5.159185716999999727e+01
-3.192632999999999832e+00 5.596436340000000342e+01
-8.397424980000000261e+00 4.337090041999999812e+01
-3.916669999999999874e+00 4.346670000000000300e+01
-1.271400000000000030e-01 5.150632000000000232e+01
-1.210156250000000044e+00 5.418971484000000061e+01
-2.970551579999999969e+00 5.340514106999999910e+01
1.430858179999999980e+00 5.135912646999999964e+01
1.904075780000000151e+01 4.749840559999999812e+01
9.185923999999999978e+00 4.546542199999999667e+01
3.313334649999999826e+00 5.085596175999999957e+01
1.616670000000000051e+00 5.071670000000000300e+01
-2.158320409999999967e+00 5.340535624000000325e+01
6.168127300000000091e+00 3.556280170000000140e+01
-5.546915629999999986e+00 3.989347939999999682e+01
1.610617610000000033e+00 4.119086951999999968e+01
-3.804288999999999810e+00 4.346405299999999983e+01
8.403756299999999513e+00 4.900808479999999889e+01
2.277899999999999814e+00 4.888130999999999915e+01
-1.516597000000000084e-01 5.151427460000000025e+01
8.260045050000000444e+00 4.631397575999999816e+01
-3.495461000000000262e-01 3.949599320000000091e+01
-1.617650990000000011e+00 5.496832747999999924e+01
2.038448700000000113e-01 5.144315646999999814e+01
-3.827347999999999861e-01 3.949375669999999872e+01
-5.995299799999999735e+00 3.738899990000000173e+01
1.337611111000000008e+01 5.251861111000000193e+01
8.729999539999999669e+00 4.561999893000000128e+01
-8.252889599999999604e+00 4.093064119999999662e+01
8.729999539999999669e+00 4.561999893000000128e+01
1.340609120000000054e+01 5.251917100000000005e+01
-1.400033639999999968e+00 5.253297514999999862e+01
1.340609120000000054e+01 5.251917100000000005e+01
-5.802133000000000429e+00 4.339026700000000147e+01
1.343333332999999996e+01 4.610000000000000142e+01
-3.708980099999999780e+00 4.042338939999999781e+01
2.352221899999999977e+00 4.885661400000000043e+01
-8.427518199999999737e+00 4.021161190000000119e+01
-5.658140000000000391e+00 4.097240000000000038e+01
4.895167899999999683e+00 5.237021570000000281e+01
-3.870890000000000164e+00 4.032159999999999656e+01
-6.898478599999999794e+00 4.071938920000000195e+01
1.339889999999999937e+01 5.250059999999999860e+01
-1.236403400000000014e-01 5.151042821000000060e+01
-9.133330000000000837e+00 3.871670000000000300e+01
-1.903000720000000090e+00 5.247717276000000197e+01
-1.281040999999999985e-01 5.150009654000000126e+01
-1.225564100000000045e-01 5.146806337999999670e+01
-7.940689800000000353e+00 5.342393309999999929e+01
-7.346969999999999890e-02 5.151740513000000021e+01
-5.277683899999999761e-01 3.840366776999999843e+01
4.351710299999999698e+00 5.085033959999999809e+01
2.314390799999999970e+00 4.883095509999999706e+01
-3.080109999999999792e-01 3.961553899999999828e+01
-1.229999999999999982e-01 5.151200000000000045e+01
-1.802777799999999986e-01 5.150722222000000272e+01
7.017320930000000345e+00 4.361103554000000315e+01
-3.827803000000000178e-01 3.949372149999999948e+01
-9.140716779999999986e+00 3.871487556000000296e+01
1.126562110000000061e+01 4.540258339999999748e+01
3.061110999999999915e+00 5.063138899999999865e+01
-8.993472599999999817e-01 5.224023078999999825e+01
1.206083332999999946e+01 5.775972222000000045e+01
-1.248762999999999956e-01 5.150794210000000106e+01
8.550000000000000711e+00 4.736670000000000158e+01
-3.542993000000000059e+00 5.167632299999999645e+01
7.311111099999999530e-01 5.186805556000000195e+01
-4.420165120000000059e+00 3.672408594000000193e+01
5.228925290000000281e+00 5.185743718999999885e+01
-3.703477050000000048e+00 4.041706659999999829e+01
-4.643055559999999637e+00 3.654361111000000051e+01
5.109664900000000287e+00 5.209014220000000250e+01
6.027533059999999665e+00 4.652183552999999705e+01
-7.065734420000000071e+00 5.407017210000000063e+01
-3.324847689999999911e+00 5.159200441000000126e+01
-1.897534129999999930e+00 5.247451411000000121e+01
8.677527200000000107e+00 5.011398327999999935e+01
-1.238999999999999962e-01 5.150619999999999976e+01
2.571058269999999979e+00 4.900401173000000199e+01
1.427224670000000017e+01 4.089817190000000124e+01
-2.396820000000000027e-03 5.113396855999999957e+01
2.195759999999999934e+00 4.139812090000000211e+01
7.254011410000000382e+00 5.144787372999999775e+01
6.829537799999999548e-01 5.153703282000000030e+01
4.210329380000000121e+00 5.090006375000000105e+01
5.704166670000000217e+00 5.323666666999999819e+01
1.311139999999999972e+00 5.112969999999999970e+01
-1.821666669999999932e+00 5.364833332999999982e+01
4.767777780000000298e+00 5.246472221999999874e+01
2.553611109999999851e+00 4.743388888999999864e+01
1.893817000000000084e+00 4.154563900000000132e+01
7.758525999999999812e+00 4.858435200000000265e+01
7.458300099999999766e+00 5.151660919999999777e+01
8.631944439999999830e+00 4.970916667000000189e+01
-6.243189949999999655e+00 5.334358579999999961e+01
2.894149999999999778e+00 4.270159999999999911e+01
1.374419999999999931e+01 5.297800000000000153e+01
-1.901750000000000052e+00 5.247999999999999687e+01
-3.624259149999999874e+00 4.041836713000000003e+01
-1.163524599999999909e+00 5.072338390000000174e+01
3.455555599999999838e-01 5.314750000000000085e+01
-2.802685739999999814e+00 5.404993838000000039e+01
1.041302999999999912e+01 5.630577319999999730e+01
5.562279600000000102e+00 5.063734039999999936e+01
-7.759001100000000317e-01 3.762176918000000114e+01
5.614722219999999986e+00 5.226277778000000040e+01
-3.434664230000000096e+00 4.046453669999999647e+01
1.149343945999999939e+01 4.812342292999999671e+01
-3.678722899999999907e+00 4.042384990000000045e+01
-8.522500000000000853e+00 4.056638888999999892e+01
-2.982382889999999787e+00 4.766323690000000113e+01
-5.799999999999999822e+00 3.675000000000000000e+01
5.394371160000000387e+00 5.215840790000000027e+01
-6.228900999999999577e+00 5.332734339999999662e+01
5.453999999999999737e+00 4.353110000000000213e+01
1.905000000000000071e+01 4.748329999999999984e+01
9.761111099999999485e-01 5.091333333000000039e+01
-1.230571120000000018e+00 5.269676584999999847e+01
1.344696101999999982e+01 5.251450804000000261e+01
-8.530619999999999176e-03 5.154405675000000286e+01
-1.379581099999999949e-01 5.083175159999999693e+01
-3.708600000000000119e+00 5.188230000000000075e+01
6.971099999999999852e+00 4.381580000000000297e+01
-3.887733030000000145e+00 4.050068001000000351e+01
1.116536785000000087e+01 6.137849709999999703e+01
-1.706184939999999983e+00 5.551111562999999904e+01
-3.383329999999999949e+00 3.675000000000000000e+01
4.115903599999999884e-01 5.275001525999999785e+01
5.391354999999999897e+00 5.215591700000000230e+01
2.185482499999999995e+00 4.138174056999999806e+01
-3.891015099999999838e-01 3.939717483999999814e+01
-5.250000000000000000e+00 3.671670000000000300e+01
2.206676480000000051e+00 4.144296646000000095e+01
-4.770178999999999947e-01 5.163405626000000126e+01
-1.406384199999999862e-01 5.151008034000000180e+01
-4.698823919999999710e+00 4.031814174000000150e+01
1.075620259999999995e+01 5.993496022000000067e+01
3.002566999999999875e-01 5.161999477999999897e+01
6.798466529999999786e+00 4.750960648000000219e+01
-3.703804490000000005e+00 4.042264097999999706e+01
6.168127300000000091e+00 3.556280170000000140e+01
4.480252130000000221e+00 5.102800573999999756e+01
3.002566999999999875e-01 5.161999477999999897e+01
2.171956069999999794e+00 4.138218476000000123e+01
-5.910585000000000200e+00 5.459187800000000124e+01
-3.324847689999999911e+00 5.159200441000000126e+01
1.264573309999999928e+01 4.187365139999999997e+01
-1.162917299999999932e+00 5.269221280000000007e+01
3.728325729999999893e+00 5.105624612999999812e+01
5.000000000000000278e-02 3.864999999999999858e+01
2.147384310000000074e+00 4.138706952999999800e+01
-5.930615399999999759e+00 3.672483657000000079e+01
-3.542993000000000059e+00 5.167632299999999645e+01
1.230385910000000038e+01 4.588294839999999652e+01
-6.461844499999999769e+00 5.341857040000000012e+01
-6.898481499999999933e+00 4.071938879999999727e+01
-1.281510100000000096e-01 5.151903904000000267e+01
1.344275951000000013e+01 5.250530320000000017e+01
-2.244989569999999990e+00 5.347740043000000298e+01
-1.400033639999999968e+00 5.253297514999999862e+01
1.087658700000000006e-01 5.078861295000000098e+01
-1.757790399999999975e+00 4.650483969999999800e+01
-6.273055560000000419e+00 3.650277778000000239e+01
2.335291209999999840e+00 4.886148756000000049e+01
-3.664263500000000118e+00 4.038857869999999650e+01
-5.986939999999999706e+00 3.737720000000000198e+01
-3.325266580000000083e+00 5.159192164000000247e+01
5.065700099999999928e+00 5.231845859999999959e+01
-9.161597410000000608e+00 3.873951799000000307e+01
-2.846334999999999837e+00 4.322920460000000276e+01
1.381573680000000026e+00 5.139101192999999768e+01
3.198368180000000116e+00 5.120090711000000283e+01
-2.486647810000000014e+00 5.490262090000000228e+01
1.979879999999999995e+01 4.520794699999999722e+01
-1.657240990000000025e+00 4.280953139999999735e+01
-4.986729600000000318e+00 5.710468307000000010e+01
1.160660614999999929e+01 5.005789079000000186e+01
-1.688684700000000039e+00 5.263081629999999933e+01
1.785569459999999964e+01 4.328808120000000059e+01
4.865942500000000059e+00 5.236569980000000157e+01
4.643879599999999885e-01 5.103097874000000189e+01
2.016669999999999963e+00 4.231669999999999732e+01
9.004183199999999943e-01 5.188982538999999861e+01
7.892559000000000380e-02 5.160025756000000285e+01
2.324273999999999951e+00 4.885091500000000053e+01
1.442045979999999972e+01 5.008781139999999965e+01
-5.385250000000000314e-01 5.323004149999999868e+01
1.132625999999999945e-02 5.155508994000000200e+01
-2.124719999999999942e+00 5.146000000000000085e+01
4.877216400000000007e+00 5.237123230000000262e+01
-1.758000000000000118e-01 5.083520000000000039e+01
-4.166669999999999874e+00 3.804999999999999716e+01
-1.831340050000000108e+00 5.117967170000000010e+01
5.584520000000000373e+00 4.372744000000000142e+01
9.937452600000000302e+00 5.357213029999999776e+01
1.311999340000000025e+01 5.238190500000000327e+01
-3.187535899999999867e+00 5.595017550000000028e+01
-3.391464200000000040e-01 5.174972626000000275e+01
3.560171130000000073e+00 5.111858296999999851e+01
1.279679774999999964e+01 4.732346512000000160e+01
-4.366356299999999968e-01 5.428164220000000029e+01
-2.330000000000000127e-01 5.148599999999999710e+01
9.880303830000000787e+00 3.727228646999999739e+01
1.264572189999999985e+01 4.187363460000000259e+01
9.183991530000000125e+00 4.545679504999999665e+01
-1.208409140000000104e+00 3.805328509999999653e+01
-3.391464200000000040e-01 5.174972626000000275e+01
-3.324853300000000011e+00 5.159199962999999656e+01
-3.391464200000000040e-01 5.174972626000000275e+01
-3.391464200000000040e-01 5.174972626000000275e+01
-6.511666670000000323e+00 5.524083333000000096e+01
-3.391464200000000040e-01 5.174972626000000275e+01
1.341259003000000050e+01 5.248654356000000121e+01
-1.279722199999999976e-01 5.150772221999999800e+01
-3.391464200000000040e-01 5.174972626000000275e+01
-2.641213660000000019e+00 5.354772377999999833e+01
8.697883490000000606e+00 5.011612714000000324e+01
8.697883490000000606e+00 5.011612714000000324e+01
-4.500000000000000111e-01 4.026670000000000016e+01
3.257707599999999815e+00 5.081948940000000192e+01
4.850901440000000342e+00 5.131947470000000067e+01
-2.554098999999999897e+00 5.547504800000000103e+01
2.198159910000000217e+00 4.144041868000000051e+01
2.174777989999999939e+00 4.140384119000000140e+01
-3.365798700000000032e+00 4.048492315000000019e+01
-3.274544950000000121e+00 5.156562059000000176e+01
-1.371448799999999968e-01 5.146255890999999849e+01
-3.483330000000000037e+00 4.045000000000000284e+01
1.013349999999999973e+01 5.432370000000000232e+01
-3.542993000000000059e+00 5.167632299999999645e+01
-3.695851970000000097e+00 4.030704314999999838e+01
1.489315799999999967e+00 4.355495280000000236e+01
-4.333937719999999771e+00 5.584326489000000038e+01
7.964690000000000047e+00 5.144859000000000293e+01
4.935048339999999811e+00 5.249859124999999693e+01
-8.469299530000000686e+00 5.190090299999999957e+01
1.785572609999999827e+01 4.328806840000000022e+01
9.815381000000000355e+00 5.194022600000000267e+01
1.100757509999999995e+00 4.935913472000000013e+01
-1.419444400000000051e-01 5.150083332999999897e+01
9.183991530000000125e+00 4.545679504999999665e+01
3.049526800000000204e+00 3.679211120000000079e+01
9.459604799999999925e-01 4.269896064999999652e+01
-8.337280639999999465e+00 4.337818541000000039e+01
-3.699299630000000061e+00 4.037193778000000322e+01
1.264572189999999985e+01 4.187363460000000259e+01
-4.657061259999999869e+00 5.559259964999999681e+01
-3.687349999999999905e+00 4.042052840000000202e+01
6.892000000000000348e-01 4.739359999999999928e+01
9.199999999999999289e+00 4.546670000000000300e+01
7.432401180000000274e+00 5.147679910000000092e+01
4.404709800000000008e+00 5.121953959999999739e+01
-4.549999999999999822e+00 3.666669999999999874e+01
-1.100193860000000079e+00 5.080176139999999663e+01
1.338643000000000072e+01 5.409866000000000241e+01
1.341130309999999959e+01 5.250226152999999840e+01
-1.383556999999999981e-01 5.153469849999999752e+01
2.181798870000000168e+00 4.137520548999999903e+01
-1.241755499999999957e-01 5.153137381999999889e+01
9.183991530000000125e+00 4.545679504999999665e+01
9.188536929999999714e+00 4.547909514999999914e+01
2.401183329999999838e+00 4.889538999999999902e+01
-2.193000000000000158e-02 5.297870999999999952e+01
-1.247143200000000035e-01 5.149164337999999930e+01
1.264573619999999998e+01 4.187360619999999756e+01
1.230385919999999977e+01 4.588294839999999652e+01
8.243343700000000496e+00 5.006308039999999693e+01
4.351710299999999698e+00 5.085033959999999809e+01
-2.250334979999999874e+00 4.266324525999999651e+01
7.447909799999999692e+00 4.628224180000000132e+01
-6.482249999999999623e+00 5.337236519999999729e+01
2.171956069999999794e+00 4.138218476000000123e+01
2.169654249999999784e+00 4.138694970000000239e+01
4.477520000000000167e+00 5.192113109999999665e+01
4.890930000000000000e+00 5.237380000000000280e+01
1.179962510999999914e+01 4.655416509999999874e+01
-1.583956200000000036e+00 3.740471430000000197e+01
-2.846371599999999891e+00 4.322924509999999998e+01
6.419940000000000424e+00 5.250973890000000210e+01
-3.566482070000000171e+00 5.152384537999999736e+01
-6.092621499999999912e+00 5.353593290999999965e+01
7.386717799999999556e+00 5.308972011000000180e+01
9.183991530000000125e+00 4.545679504999999665e+01
-3.324890200000000018e+00 5.159193935999999781e+01
9.199999999999999289e+00 4.546670000000000300e+01
-5.202362560000000080e+00 5.031837031999999965e+01
1.352524919999999931e+01 5.242143519999999768e+01
9.844166669999999897e+00 4.411138889000000063e+01
9.953559999999999519e+00 5.356723000000000212e+01
1.062768458999999943e+01 4.560304946000000115e+01
-4.432554499999999953e-01 5.190514330999999970e+01
-9.152756520000000506e+00 3.875836043999999703e+01
-3.994444440000000096e+00 5.855305555999999712e+01
4.728822680000000389e+00 5.085543918999999846e+01
9.698482000000000269e+00 4.566563950999999832e+01
-6.350009899999999874e+00 3.938710019999999901e+01
2.307784999999999975e+00 4.988951000000000136e+01
-5.910594500000000195e+00 5.459187677999999977e+01
-5.333329999999999460e-01 5.323329999999999984e+01
2.175581399999999999e+00 4.138635899999999879e+01
-3.542993000000000059e+00 5.167632299999999645e+01
2.928656000000000148e+00 5.121542999999999779e+01
2.169942260000000012e+00 4.138417785000000038e+01
7.314985219999999622e+00 4.370646182000000124e+01
-2.150858040000000138e+00 5.226543909000000099e+01
1.158329999999999949e+01 4.814999999999999858e+01
1.582928180999999945e+01 5.021312180000000325e+01
9.183991530000000125e+00 4.545679504999999665e+01
-3.817591600000000085e+00 4.340271330000000205e+01
1.127500000000000030e-01 5.217509840000000310e+01
2.345020100000000163e+00 4.886619189999999691e+01
-4.681029999999999913e-01 5.147171000000000163e+01
1.131215300000000035e+00 5.257964609999999794e+01
-1.276700000000000057e-01 5.150791000000000253e+01
1.158018629999999938e+01 4.813912650000000326e+01
9.393906729999999428e+00 3.915615164999999820e+01
-1.019444399999999973e-01 5.151583332999999953e+01
1.311999340000000025e+01 5.238190500000000327e+01
-7.080567290000000291e+00 5.344698348000000010e+01
-3.606190100000000065e+00 4.038612659999999721e+01
3.990832000000000268e-01 5.274721530000000058e+01
-3.673560000000000159e+00 4.048400999999999783e+01
-3.533329999999999860e+00 5.588329999999999842e+01
-3.652277000000000218e+00 4.052013130000000274e+01
-3.606190100000000065e+00 4.038612659999999721e+01
-3.108558630000000100e+00 5.595019620000000060e+01
4.480252130000000221e+00 5.102800573999999756e+01
-1.001535760000000108e+00 3.762358264000000219e+01
1.264931917000000006e+01 5.562947992000000141e+01
-5.743577959999999649e+00 3.682030996999999672e+01
-1.785377299999999945e+00 5.364204389999999734e+01
-9.308597000000000399e-02 5.152315673999999746e+01
-3.887430000000000163e+00 4.049853130000000334e+01
2.168009220000000070e+00 4.139006154999999865e+01
-3.745469000000000159e-01 3.949782280000000156e+01
-5.945000000000000284e-02 5.150831111000000107e+01
-3.401763899999999952e-01 5.175036390999999725e+01
4.315502640000000056e+00 5.203666667000000245e+01
-3.401763899999999952e-01 5.175036390999999725e+01
9.459604799999999925e-01 4.269896064999999652e+01
-3.401763899999999952e-01 5.175036390999999725e+01
-3.047899999999999832e+00 5.292466999999999899e+01
-1.450617800000000013e-01 5.152112668000000184e+01
-6.365081700000000176e+00 3.890652099999999791e+01
1.893817000000000084e+00 4.154563900000000132e+01
4.688695800000000080e-01 5.173636997999999920e+01
1.853000000000000114e+01 4.293999999999999773e+01
4.688695800000000080e-01 5.173636997999999920e+01
4.688695800000000080e-01 5.173636997999999920e+01
-1.490799999999999903e+00 5.340100000000000335e+01
-3.324852490000000049e+00 5.159200917999999803e+01
-3.899999999999999911e+00 4.036670000000000158e+01
6.669646400000000419e+00 4.615816809999999748e+01
9.183991530000000125e+00 4.545679504999999665e+01
-1.000000000000000000e+00 4.153329999999999700e+01
-3.771100000000000119e+00 3.776670000000000016e+01
6.090769800000000345e+00 5.251414869999999979e+01
-1.174580999999999958e-01 5.151352690000000223e+01
1.264572450000000003e+01 4.187365919999999875e+01
8.511388800000000643e+00 4.739000320000000244e+01
-1.630526900000000001e-01 5.149960344000000134e+01
6.168127300000000091e+00 3.556280170000000140e+01
-8.405917699999999826e+00 4.336074359999999928e+01
-4.179129999999999789e-01 3.946143140000000216e+01
-4.339600000000000124e-01 3.948803000000000196e+01
4.425955939999999700e+00 5.120330643999999864e+01
-2.925629000000000146e-01 5.153592350000000266e+01
1.250000000000000000e+01 4.189999999999999858e+01
-3.706054899999999819e+00 4.031639100000000298e+01
9.183991530000000125e+00 4.545679504999999665e+01
2.077650900000000078e+00 4.903432130000000200e+01
9.993769000000000347e+00 5.354982100000000145e+01
-8.563799859999999597e+00 4.093711818999999963e+01
2.147244409999999881e+00 4.138747484999999671e+01
-7.677509999999999890e-02 5.153556439999999839e+01
-1.785377299999999945e+00 5.364204389999999734e+01
-9.116669999999999163e+00 3.870000000000000284e+01
-4.774395900000000026e+00 3.788024949999999791e+01
-3.433330000000000215e+00 4.023329999999999984e+01
5.004146620000000212e+00 5.181906121000000098e+01
-1.296188799999999919e-01 5.151643416000000286e+01
6.966700000000000337e+00 5.095000000000000284e+01
1.186669999999999980e+01 4.356669999999999732e+01
-7.166667000000000176e-02 5.152194443999999862e+01
-1.688684700000000039e+00 5.263081629999999933e+01
-2.709179999999999922e+00 5.376028999999999769e+01
7.866275309999999799e+00 4.545514869000000147e+01
2.361530000000000129e+00 4.886561999999999983e+01
-3.701766169999999967e+00 4.042599626999999884e+01
1.264572450000000003e+01 4.187365919999999875e+01
-7.800003460000000111e+00 4.234614235000000093e+01
-8.398874799999999752e+00 4.155865330000000313e+01
1.428408124000000079e+01 4.085838672999999943e+01
5.292866199999999743e+00 5.168522639999999768e+01
1.432799675999999955e+01 4.085755838000000040e+01
-1.166670000000000096e+00 5.296670000000000300e+01
1.256181100000000050e+01 4.193859410000000310e+01
-3.542993000000000059e+00 5.167632299999999645e+01
-1.319109099999999923e-01 5.151823747000000253e+01
-3.324977860000000174e+00 5.159191330000000164e+01
-2.427112999999999854e+00 4.235007942000000014e+01
-1.198369680000000104e+00 5.245838235000000083e+01
9.183991530000000125e+00 4.545679504999999665e+01
-1.484107000000000065e-01 5.151461789999999752e+01
7.447909799999999692e+00 4.628224180000000132e+01
-6.599599999999999689e+00 5.338349999999999795e+01
-2.242744399999999860e+00 5.348071670000000211e+01
-4.478516579999999969e+00 5.414932843999999790e+01
-1.725459000000000021e-01 5.164471619999999774e+01
-3.683330000000000215e+00 4.039999999999999858e+01
1.912030940000000001e+01 5.081181949999999858e+01
1.205025138999999967e+01 5.775173630999999830e+01
2.399627000000000177e+00 4.889726432999999872e+01
-2.146881699999999782e+00 5.245613740000000291e+01
-2.577999999999999847e+00 4.947699999999999676e+01
-3.608517959999999913e+00 4.038295772000000028e+01
-2.358098529999999915e+00 5.138073099999999727e+01
-3.701740599999999937e+00 4.039793389999999818e+01
-5.801255300000000226e+00 3.660718200000000166e+01
-3.174983500000000181e+00 5.148875809999999831e+01
1.339889999999999937e+01 5.250059999999999860e+01
-4.468108499999999594e+00 3.671638899999999950e+01
1.260379099999999930e+01 4.177315329999999705e+01
1.335394621000000015e+01 5.250632195000000024e+01
4.883551599999999659e+00 5.236399146000000115e+01
4.630919900000000311e+00 5.239693830000000219e+01
-5.987009800000000048e+00 3.734386570000000205e+01
-2.955417999999999878e+00 5.768009599999999892e+01
-6.076978000000000435e+00 3.737839679999999731e+01
-1.400542300000000018e-01 5.151010466000000321e+01
-4.842089999999999783e+00 3.686726999999999776e+01
1.264576169999999955e+01 4.187369480000000266e+01
-4.309180640000000118e+00 5.586243996999999695e+01
8.526335599999999459e+00 4.804437606999999844e+01
-3.614418679999999995e+00 4.042303402999999662e+01
-5.998910000000000409e+00 3.738174060000000054e+01
1.002568409999999943e+01 4.513096540000000090e+01
-4.333330000000000237e-01 3.948329999999999984e+01
-1.555220800000000070e-01 5.152212493999999765e+01
-1.459548200000000129e-01 5.154174968000000234e+01
4.700000000000000178e+00 5.088329999999999842e+01
1.247044204000000001e+01 4.189938977999999992e+01
1.841662531000000058e+01 4.385848588000000348e+01
6.966700000000000337e+00 5.095000000000000284e+01
1.073732202999999963e+01 4.690794766999999865e+01
2.335291209999999840e+00 4.886148756000000049e+01
-3.705820860000000216e+00 4.042023260999999934e+01
-3.678835499999999925e+00 4.019302549999999741e+01
4.041312160000000375e+00 5.119877774999999787e+01
-6.619595089999999793e+00 3.891056881000000089e+01
2.399670330000000185e+00 4.889724499999999807e+01
3.049528299999999970e+00 3.679211310000000168e+01
-1.623679100000000042e-01 5.281726511000000102e+01
-2.466670000000000140e+00 3.903329999999999700e+01
1.318329999999999913e+01 5.570000000000000284e+01
1.338640000000000008e+01 5.409861999999999682e+01
-1.785395099999999902e+00 5.364204759999999794e+01
1.088624483000000076e+01 4.836547439000000281e+01
-6.261187790000000142e+00 5.334450850000000344e+01
4.493892869999999817e+00 5.205938307000000265e+01
-5.133333330000000139e+00 3.643333333000000351e+01
6.773841149999999978e+00 5.141059221999999806e+01
2.352221999999999813e+00 4.885661400000000043e+01
9.678200000000000136e-01 4.102976999999999919e+01
-8.210615549999999985e+00 3.942425525000000164e+01
-1.808019400000000054e+00 5.381533350000000127e+01
7.754697000000000173e+00 4.858706800000000214e+01
-6.280160000000000409e+00 5.334598919999999822e+01
-1.449999999999999956e+00 4.183330000000000126e+01
9.196476000000000539e+00 4.546577700000000277e+01
9.183991530000000125e+00 4.545679504999999665e+01
-5.743740100000000126e+00 4.150680160000000285e+01
2.191701800000000144e+00 4.140292999999999779e+01
-3.542993000000000059e+00 5.167632299999999645e+01
1.260379649999999963e+01 4.177315120000000093e+01
2.399670330000000185e+00 4.889724499999999807e+01
-7.066667719999999875e+00 5.383094874999999746e+01
-1.296188799999999919e-01 5.151643416000000286e+01
2.354495490000000135e+00 4.886767609000000334e+01
2.323589999999999822e+00 4.887527080000000268e+01
-2.278739900000000151e+00 5.234904860000000326e+01
4.343187300000000306e+00 5.205183399999999949e+01
-2.235644820000000088e+00 5.347799700000000200e+01
-3.274544950000000121e+00 5.156562059000000176e+01
1.500000000000000000e+01 4.200000000000000000e+01
7.336664999999999992e-01 5.137599746000000067e+01
-2.609524079999999913e+00 5.144755765000000025e+01
1.224225170999999968e+01 4.179608189999999723e+01
2.233330000000000037e+00 4.889999999999999858e+01
-1.688684700000000039e+00 5.263081629999999933e+01
1.343500719999999937e+01 4.345912770000000336e+01
-3.596636020000000045e+00 5.597674546999999734e+01
-3.172499999999999876e+00 5.595250000000000057e+01
9.179889700000000374e+00 4.548178860000000157e+01
-2.583330000000000126e+00 5.145000000000000284e+01
5.704166670000000217e+00 5.323666666999999819e+01
2.310885799999999879e+00 4.882947709999999830e+01
-2.348870080000000193e+00 5.348962693000000002e+01
-4.643055559999999637e+00 3.654361111000000051e+01
9.200554999999999595e+00 4.913944099999999793e+01
2.553611109999999851e+00 4.743388888999999864e+01
1.108050000000000068e+01 4.945049999999999812e+01
2.894149999999999778e+00 4.270159999999999911e+01
1.893817000000000084e+00 4.154563900000000132e+01
1.260378790000000038e+01 4.177314129999999892e+01
7.444139999999999979e+00 4.694709999999999894e+01
3.991665999999999825e-01 5.274715450000000061e+01
5.193960999999999828e+00 5.222491200000000333e+01
1.264571839999999980e+01 4.187363280000000287e+01
-5.673732700000000406e+00 4.350892650000000117e+01
6.005731370000000346e+00 5.220776904000000229e+01
1.311999340000000025e+01 5.238190500000000327e+01
-3.691863500000000187e+00 4.046599760000000146e+01
1.158030029999999932e+01 4.815050130000000195e+01
-3.617110499999999895e+00 3.719850019999999802e+01
2.127957599999999783e+00 4.154677949999999953e+01
-8.352850520000000500e+00 4.334175301999999874e+01
2.398653169999999779e+00 4.889785973000000041e+01
1.193184866000000000e+01 4.568210922000000096e+01
-1.296188799999999919e-01 5.151643416000000286e+01
1.271712132999999945e+01 5.606993200000000144e+01
1.373482989999999937e+01 5.105342859999999661e+01
1.351968527000000009e+01 5.238395589000000285e+01
1.993720000000000070e+01 5.006139999999999901e+01
4.954601799999999834e+00 5.235769189999999895e+01
7.696909899999999638e+00 4.507516100000000137e+01
-5.351670000000000371e+00 3.616810000000000258e+01
-1.595370490000000085e+00 5.382665984999999864e+01
-3.177001479999999933e+00 5.147856318000000186e+01
3.528212579999999932e+00 5.098630792000000156e+01
1.299897960000000019e+01 5.560060880000000338e+01
-1.435208389999999889e+00 4.370348075999999793e+01
6.168127300000000091e+00 3.556280170000000140e+01
1.182415637999999980e+01 4.545548164000000213e+01
1.690893866000000045e+01 5.240173688000000141e+01
1.547669999999999924e+01 4.736189999999999856e+01
-3.106848999999999972e+00 5.101534399999999891e+01
1.655038000000000054e+01 4.931324000000000041e+01
5.563899280000000225e+00 5.176031667000000169e+01
-2.704223400000000055e+00 4.283225629999999740e+01
-6.335395499999999513e-01 3.518229024000000038e+01
9.678200000000000136e-01 4.102976999999999919e+01
-3.893976209999999938e+00 4.032475280999999967e+01
-5.946164129999999659e+00 3.735440825999999959e+01
-3.605391979999999830e+00 4.041996764999999669e+01
1.260120700000000049e+01 5.567353200000000157e+01
-3.736434700000000220e+00 4.031586837999999773e+01
-4.178799999999999737e-01 3.946916962000000240e+01
-4.247595200000000126e+00 4.072230230000000262e+01
-1.358547720000000014e+00 5.181633296999999772e+01
-4.254499700000000217e+00 5.585691210000000240e+01
1.075000000000000000e+01 4.291669999999999874e+01
-3.678834999999999855e+00 4.019306780000000145e+01
-3.308710000000000262e-01 5.106450000000000244e+01
-2.884240000000000137e+00 5.406329999999999814e+01
1.447422981000000064e+01 4.897440737000000155e+01
-1.688684700000000039e+00 5.263081629999999933e+01
1.445166019999999918e+01 5.008126070000000141e+01
2.352221899999999977e+00 4.885661400000000043e+01
1.205018341999999976e+01 5.775177598999999873e+01
-4.235583540000000369e+00 3.671292308000000304e+01
1.330570980000000070e+01 5.257880020000000343e+01
6.784575900000000104e+00 5.225393520000000080e+01
6.784575900000000104e+00 5.225393520000000080e+01
-1.762425200000000025e+00 5.364451600000000298e+01
1.821334599999999915e+00 4.172628590000000059e+01
-2.361410639999999894e+00 5.346722961999999768e+01
6.106782400000000166e+00 4.589552830000000228e+01
7.778569229999999557e+00 5.139697733999999940e+01
-6.199592999999999909e-01 5.171556439999999810e+01
-3.683330000000000215e+00 4.039999999999999858e+01
-9.153940000000000410e+00 3.877772000000000219e+01
1.342528300000000030e+01 5.254663930000000249e+01
-3.542993000000000059e+00 5.167632299999999645e+01
-1.913440809999999992e+00 5.247779058999999791e+01
2.176635679999999962e+00 4.137805101000000008e+01
-8.427921599999999458e+00 4.021160189999999801e+01
2.194043100000000024e+00 4.871251469999999983e+01
-4.858581580000000066e+00 5.569491681000000227e+01
1.260379209999999972e+01 4.177314140000000009e+01
2.506013999999999964e+00 3.949530500000000188e+01
-3.176250459999999887e+00 5.147881710000000055e+01
-5.215848899999999677e-01 3.839199828000000281e+01
-8.621444589999999408e+00 4.115151235999999813e+01
9.501362000000000307e+00 4.531472899999999981e+01
-1.929979999999999890e-02 5.146683158999999819e+01
-2.062769999999999992e+00 5.246920000000000073e+01
8.016897000000000162e+00 5.087582400000000149e+01
1.224219229000000020e+01 4.179606828000000007e+01
-2.186111200000000032e+00 5.258796178000000054e+01
-6.265327209999999702e+00 5.334502027999999996e+01
-1.630903350000000085e+00 5.352500486000000279e+01
-6.145490200000000236e+00 3.669256969999999995e+01
9.299724599999999342e+00 4.552479550000000330e+01
2.171987109999999888e+00 4.138916540999999683e+01
-5.276121099999999675e-01 3.958041062000000210e+01
-6.215627979999999830e+00 5.327804821000000146e+01
-1.223004000000000036e-01 5.153096010000000149e+01
1.447932974000000073e+01 3.757312632000000008e+01
2.396675740000000054e+00 4.889936268999999669e+01
6.106782400000000166e+00 4.589552830000000228e+01
4.165246520000000174e+00 5.115315315000000140e+01
-2.781944440000000185e+00 5.128388889000000006e+01
-4.016670000000000407e+00 3.986670000000000158e+01
1.216323314999999994e+01 4.655668947000000202e+01
-1.235284880000000030e+00 5.457808800000000105e+01
-8.155279000000000000e-02 5.152486455999999748e+01
2.130880100000000166e+00 4.138877870000000314e+01
-1.428097200000000067e+00 5.185465479999999872e+01
7.438875419999999572e+00 5.147536305999999939e+01
-8.427921400000000673e+00 4.021157199999999676e+01
2.313330000000000108e+00 4.886299000000000348e+01
4.877172100000000121e+00 5.237125790000000336e+01
1.260379260000000023e+01 4.177315670000000125e+01
-1.246022600000000063e-01 5.101540700999999700e+01
-2.990191320000000097e+00 5.322247261999999779e+01
2.167390099999999986e+00 4.138314059999999728e+01
-5.288720200000000204e+00 3.629558759999999751e+01
4.690636300000000425e+00 5.270739524999999759e+01
1.302921427999999970e+01 4.155098011999999841e+01
5.566670000000000229e+00 5.063329999999999842e+01
1.961080000000000112e+01 4.496829999999999927e+01
-2.706871099999999863e+00 5.378857479999999924e+01
-6.146362800000000348e+00 5.339002769999999742e+01
1.038330000000000020e+01 5.539999999999999858e+01
3.016388889999999989e+00 3.987694444000000260e+01
8.472784000000000759e+00 4.743048799999999687e+01
2.166000830000000210e+00 4.138557439000000215e+01
5.803864090000000253e+00 5.319902645999999891e+01
6.168127300000000091e+00 3.556280170000000140e+01
1.547669999999999924e+01 4.736189999999999856e+01
5.821049900000000221e+00 5.097156999999999982e+01
-3.966670000000000140e+00 5.620000000000000284e+01
6.550741509999999934e+00 4.361857261000000108e+01
-2.277299999999999880e+00 5.343834999999999980e+01
-1.461999999999999966e+00 5.337800000000000011e+01
-6.999999999999999556e-01 3.825000000000000000e+01
-1.227766700000000044e-01 5.150106371999999766e+01
-2.233918919999999808e+00 5.343661050000000046e+01
-3.700000000000000178e+00 4.235000000000000142e+01
1.311999340000000025e+01 5.238190500000000327e+01
-2.115477530000000161e+00 5.714140882000000232e+01
-3.707397999999999971e+00 4.041536399999999674e+01
-2.295457359999999891e+00 5.347079867000000064e+01
-4.324542000000000108e-01 5.164318863999999820e+01
-3.639247629999999845e+00 4.043088410000000010e+01
1.833658933999999974e+01 4.382587376000000035e+01
-9.905171999999999588e-02 5.151374587000000105e+01
-1.686328620000000056e+00 3.734799804000000023e+01
2.395251839999999799e+00 4.890051359000000275e+01
-1.045014600000000043e-01 4.061638927999999993e+01
2.031250000000000069e-02 5.161967125000000323e+01
1.203002060999999934e+01 5.775425613000000169e+01
6.946707990000000166e+00 5.093780652000000231e+01
2.031250000000000069e-02 5.161967125000000323e+01
-3.682619330000000080e+00 4.050828634999999878e+01
6.570910640000000136e+00 5.322243094000000241e+01
-3.682619330000000080e+00 4.050828634999999878e+01
2.031250000000000069e-02 5.161967125000000323e+01
-4.824670000000000236e+00 3.996319499999999891e+01
-3.682619330000000080e+00 4.050828634999999878e+01
-8.955077999999999649e-02 5.144197393000000318e+01
2.031250000000000069e-02 5.161967125000000323e+01
6.570910640000000136e+00 5.322243094000000241e+01
-3.682619330000000080e+00 4.050828634999999878e+01
2.779713520000000049e+00 4.887085964999999987e+01
-9.308597000000000399e-02 5.152315673999999746e+01
-1.144591899999999995e+00 5.298338319999999868e+01
-3.006224819999999909e+00 4.335579530999999776e+01
-2.635463479999999858e+00 5.355040527999999966e+01
-3.542993000000000059e+00 5.167632299999999645e+01
9.199999999999999289e+00 4.546670000000000300e+01
-5.431913999999999909e+00 5.687628500000000287e+01
5.901288990000000290e+00 5.198448038000000082e+01
-2.107130000000000114e-01 5.149459999999999837e+01
1.651124672999999987e+01 5.960108225999999831e+01
3.202815559999999895e+00 5.118729370999999873e+01
-2.124376000000000042e-02 5.150224174000000232e+01
3.026576500000000003e+00 4.317632050000000277e+01
-2.587909999999999933e+00 5.145451299999999861e+01
-2.977677739999999851e+00 5.340215537000000268e+01
-1.916670000000000096e+00 5.246670000000000300e+01
-3.274239300000000075e+00 3.853553349999999966e+01
7.601254430000000006e+00 4.759055581999999873e+01
-5.917362699999999975e+00 3.718762830000000008e+01
-1.412500639999999974e+00 5.341395213999999925e+01
5.194504399999999578e+00 5.222355679999999722e+01
1.260376950000000029e+01 4.177322310000000272e+01
1.816670000000000007e+00 4.123329999999999984e+01
-6.383421000000000234e+00 5.327410379999999890e+01
2.395251839999999799e+00 4.890051359000000275e+01
2.255063879999999799e+00 4.145065944000000258e+01
1.264573569999999947e+01 4.187363640000000231e+01
-1.056509230000000077e+00 3.797734150000000142e+01
-4.716669999999999696e+00 4.164999999999999858e+01
-6.335111399999999726e-01 3.518230026999999893e+01
-4.019999999999999962e-02 5.147549999999999670e+01
-1.039569999999999939e-01 5.152313099999999935e+01
1.049069830000000003e+01 4.384514019000000218e+01
2.950651699999999877e+00 3.676287920000000042e+01
-3.047829999999999817e+00 5.292463999999999658e+01
6.271176340000000238e+00 4.964087247999999875e+01
-1.583982599999999907e+00 3.740475119999999976e+01
1.873329999999999984e+01 4.921670000000000300e+01
-8.427921400000000673e+00 4.021157199999999676e+01
-6.259699999999999598e+00 5.334779999999999944e+01
-6.991109810000000202e+00 3.886998076999999796e+01
4.857086100000000073e+00 5.238028130000000004e+01
-1.587438599999999866e-01 5.151336311000000023e+01
5.444128909999999877e+00 5.942229659000000197e+01
1.351968527000000009e+01 5.238395589000000285e+01
-6.331044440000000328e+00 5.524003610999999836e+01
-9.099042580000000768e+00 3.874751840999999786e+01
-3.703477050000000048e+00 4.041706659999999829e+01
2.394665999999999961e+00 4.890099699999999672e+01
-3.704286600000000096e+00 4.059241209999999711e+01
-2.233299999999999841e+00 5.346670000000000300e+01
-1.683857199999999887e-01 5.082490468999999678e+01
-9.657167999999999308e-02 3.994209632999999826e+01
1.337342574999999911e+01 5.246963378000000233e+01
7.010600000000000165e+00 5.145181000000000182e+01
-2.108569999999999889e-01 5.149450000000000216e+01
-7.103661999999999477e-01 3.826313009999999792e+01
-1.241079269999999957e+00 5.087393404000000174e+01
1.276670000000000016e+01 4.726670000000000016e+01
-4.433055559999999673e+00 5.587194444000000004e+01
1.232670000000000066e+01 4.543860000000000099e+01
-3.905730000000000146e+00 5.166223910000000075e+01
1.428555556000000060e+01 4.830055555999999939e+01
-3.435973000000000166e+00 5.537805099999999925e+01
4.766165299999999938e+00 5.266564900000000193e+01
1.246656179000000009e+01 4.190134447999999878e+01
1.660000000000000142e+01 4.120000000000000284e+01
1.077389999999999937e+01 4.802360000000000184e+01
-3.080768819999999852e+00 5.148325435000000283e+01
1.178372586999999960e+01 4.535406345999999900e+01
4.469951799999999587e+00 5.192428869999999819e+01
1.339499999999999957e+01 5.250200000000000244e+01
-3.705517219999999945e+00 4.041971453000000025e+01
-6.366670000000000051e+00 3.948329999999999984e+01
-8.159270000000000411e-02 5.152453990000000061e+01
-4.716669999999999696e+00 4.164999999999999858e+01
-3.193583330000000053e+00 5.595541666999999819e+01
5.730750099999999847e+00 5.893244930000000181e+01
2.394665999999999961e+00 4.890099699999999672e+01
-7.822398940000000245e+00 4.234518406000000112e+01
-8.955077999999999649e-02 5.144197393000000318e+01
-8.955077999999999649e-02 5.144197393000000318e+01
2.662485900000000072e+00 3.958372010000000074e+01
-4.504696200000000150e-01 5.264278695000000141e+01
-8.955077999999999649e-02 5.144197393000000318e+01
-8.955077999999999649e-02 5.144197393000000318e+01
7.119303000000000381e+00 5.087890000000000157e+01
-4.111942299999999939e+00 4.093781239999999855e+01
-8.955077999999999649e-02 5.144197393000000318e+01
-8.955077999999999649e-02 5.144197393000000318e+01
-8.955077999999999649e-02 5.144197393000000318e+01
-8.955077999999999649e-02 5.144197393000000318e+01
-8.955077999999999649e-02 5.144197393000000318e+01
-8.955077999999999649e-02 5.144197393000000318e+01
-3.367431599999999858e-01 5.174993881000000329e+01
-1.536329999999999973e+00 5.477695080000000161e+01
9.151165329999999543e+00 4.518936413000000130e+01
6.701797779999999705e+00 4.618229732999999726e+01
-1.536972999999999923e+00 5.380649100000000118e+01
-5.930569000000000202e+00 4.355723950000000144e+01
-1.269351900000000033e-01 5.150115809999999783e+01
-5.000000000000000278e-02 3.860000000000000142e+01
-1.185175270000000003e+00 3.799161546999999928e+01
-2.277299999999999880e+00 5.343834999999999980e+01
4.494137760000000092e+00 5.206381049000000161e+01
-5.533330000000000304e+00 3.989999999999999858e+01
-3.542993000000000059e+00 5.167632299999999645e+01
-1.536972999999999923e+00 5.380649100000000118e+01
-5.340617889999999868e+00 3.617030639000000036e+01
-3.483330000000000037e+00 4.045000000000000284e+01
1.771894999999999998e+00 4.125830160000000291e+01
-3.678937900000000205e+00 4.019295879999999954e+01
8.553830100000000769e+00 4.735280989999999690e+01
-1.397100000000000009e-01 5.151205399999999912e+01
1.012415885999999965e+01 5.137701761999999661e+01
-3.179168849999999935e+00 5.148874649999999775e+01
-3.833333300000000277e-01 3.946666667000000217e+01
-8.724131579999999886e+00 4.222089028999999982e+01
-8.733224699999999618e-01 5.225061374999999941e+01
3.249482099999999818e+00 3.676781559999999871e+01
-1.490863199999999944e+00 5.340102929999999759e+01
2.393781999999999854e+00 4.890185199999999810e+01
-1.296188799999999919e-01 5.151643416000000286e+01
2.662485900000000072e+00 3.958372010000000074e+01
-6.263130199999999981e+00 5.334161000000000286e+01
-3.905730000000000146e+00 5.166223910000000075e+01
-1.927761500000000072e-01 5.149203118999999873e+01
1.205030561999999961e+01 5.775180742999999950e+01
6.966700000000000337e+00 5.095000000000000284e+01
5.453999999999999737e+00 4.353110000000000213e+01
-6.267493700000000167e+00 5.334410400000000152e+01
-1.595406230000000036e+00 5.382665674999999794e+01
6.090406179999999559e+00 5.251202912000000111e+01
-3.076094460000000197e+00 5.160180938999999967e+01
-8.636407880000000148e+00 4.242212646000000120e+01
7.508942699999999748e-01 5.133485154000000250e+01
1.244510211000000055e+01 4.872310182999999739e+01
-3.727931069999999902e+00 5.718158300000000338e+01
-8.607409759999999466e+00 4.115329626999999846e+01
-5.462413530000000073e+00 3.613506457999999810e+01
-5.986939999999999706e+00 3.737720000000000198e+01
-4.768739599999999967e+00 5.564384199999999936e+01
1.373529580000000028e+00 4.363059798999999828e+01
8.948258300000000443e-01 5.189493954000000286e+01
-5.924170000000000158e+00 3.728439999999999799e+01
-1.344444399999999984e-01 5.150999999999999801e+01
6.756114100000000233e-01 3.640572104000000309e+01
1.432839999999999892e+00 4.360955810000000099e+01
4.445530530000000091e+00 5.191590730000000065e+01
1.138263989999999914e+01 4.447631069999999909e+01
3.042955000000000076e+00 3.674431799999999981e+01
4.935057819999999928e+00 5.249858207999999848e+01
-8.666669999999999874e+00 4.273329999999999984e+01
-2.792085989999999907e+00 4.766093108999999828e+01
2.779713520000000049e+00 4.887085964999999987e+01
1.225276348999999954e+01 4.179596500000000248e+01
-1.887754799999999955e+00 5.071807859999999835e+01
-1.930177859999999912e+00 5.245050219000000169e+01
2.335291209999999840e+00 4.886148756000000049e+01
-2.400769100000000045e-01 5.149356878999999765e+01
1.883329999999999949e+00 4.875000000000000000e+01
-1.728002299999999991e-01 5.151937689999999748e+01
9.926847889999999452e+00 5.356204951000000136e+01
-1.516597000000000084e-01 5.151427460000000025e+01
-3.686750519999999920e+00 4.046647933999999935e+01
5.284681319999999793e+00 5.029715304999999859e+01
-3.745959999999999845e-01 3.949781420000000054e+01
5.179073309999999708e+00 5.234511888000000113e+01
1.402904999999999980e+01 4.182847000000000293e+01
3.879210529999999935e+00 4.361273795999999692e+01
7.447909799999999692e+00 4.628224180000000132e+01
5.730750099999999847e+00 5.893244930000000181e+01
-1.583911300000000022e+00 3.740479590000000343e+01
1.616087599999999957e+00 4.158130979999999965e+01
-8.923875000000000668e+00 3.975932350000000071e+01
-1.399291099999999954e-01 5.151298993000000337e+01
-1.887999999999999956e-01 5.155429999999999779e+01
-3.703250000000000153e+00 4.041669999999999874e+01
1.155040741000000004e+01 4.816900491999999900e+01
1.157354400000000005e+01 4.814802399999999949e+01
-5.166691300000000098e+00 3.674275889999999833e+01
-1.683999999999999941e-01 5.148749999999999716e+01
-1.177206799999999942e-01 5.150957082000000042e+01
-9.383330000000000837e+00 3.935000000000000142e+01
-2.242399999999999949e+00 5.348720000000000141e+01
9.118487379999999476e+00 4.773287229999999681e+01
-2.977677739999999851e+00 5.340215537000000268e+01
-1.104442099999999982e+00 3.886340940000000188e+01
-3.699264750000000213e+00 5.582723874999999936e+01
1.311999340000000025e+01 5.238190500000000327e+01
-8.455511000000000277e-02 5.165870164999999758e+01
1.062768458999999943e+01 4.560304946000000115e+01
-4.795151000000000274e-01 3.834613782000000271e+01
-3.542993000000000059e+00 5.167632299999999645e+01
-3.253450999999999982e-01 3.947274019999999695e+01
6.676054510000000164e+00 4.550571020999999661e+01
8.926779700000000872e+00 4.440998840000000314e+01
-5.183329999999999771e+00 3.685000000000000142e+01
1.651469919999999902e+01 5.960020399999999796e+01
-6.262750099999999875e+00 5.334537890000000004e+01
1.264572509999999994e+01 4.187362579999999923e+01
1.334948814000000006e+01 3.810449941000000251e+01
1.260379119999999986e+01 4.177314470000000313e+01
-4.500000000000000000e+00 4.836999999999999744e+01
4.587561649999999602e+00 5.196971108999999700e+01
2.392607860000000031e+00 4.890302499999999952e+01
-3.733382299999999931e-01 3.946307537999999937e+01
4.428200000000000358e+00 5.119250000000000256e+01
-8.580070400000000319e+00 4.084151390000000248e+01
-4.267224800000000151e+00 4.055721520000000169e+01
-2.083330000000000126e+00 4.231669999999999732e+01
1.847180000000000177e+01 4.290090000000000003e+01
1.880472221999999860e+01 4.228333332999999783e+01
2.361399899999999885e+00 4.885525890000000260e+01
-5.925287520000000363e+00 5.459836128999999971e+01
8.005489999999999828e-02 5.175079370000000267e+01
-3.135600100000000001e+00 5.153580860000000285e+01
9.207712409999999181e+00 4.914330265000000253e+01
-1.318548639999999939e+00 5.180042869999999766e+01
1.354651490000000003e+01 5.241266250000000326e+01
-5.360690000000000177e-01 5.323020000000000351e+01
-1.578538700000000072e-01 5.154192438999999837e+01
-3.767734300000000203e-01 3.947532251999999886e+01
-5.666437270000000304e+00 4.353018988000000178e+01
-2.991479449999999929e+00 5.340430612000000110e+01
-2.295040419999999859e+00 5.347107340000000164e+01
6.168127300000000091e+00 3.556280170000000140e+01
-8.608976170000000039e+00 4.115319932999999963e+01
6.821696000000000204e+00 5.224788999999999817e+01
-2.218977300000000152e+00 5.343308869999999899e+01
4.689390000000000391e+00 5.251250100000000032e+01
-4.309175559999999905e+00 5.586244701999999762e+01
1.260379370000000065e+01 4.177314799999999906e+01
1.770325676999999942e+01 4.065650970000000086e+01
1.769299316000000033e+01 4.421017838000000211e+01
-1.270192619999999994e+00 5.175988041000000095e+01
1.157354400000000005e+01 4.814802399999999949e+01
4.861831890000000378e+00 4.576794167999999985e+01
1.177992000000000061e+01 4.835553000000000168e+01
-6.201769180000000325e+00 3.738623327999999901e+01
6.563300100000000192e+00 5.133055879999999860e+01
1.342615890999999984e+01 5.254385375999999752e+01
2.312650179999999889e+00 4.882954653000000178e+01
9.869444400000000339e-01 5.187472222000000244e+01
1.264573790000000031e+01 4.187360340000000036e+01
-3.702489630000000087e+00 4.046391847000000297e+01
-3.220321000000000211e+00 5.157231300000000118e+01
-1.797222199999999881e-01 5.093638889000000347e+01
-3.804440000000000044e+00 4.346470000000000056e+01
-9.135654999999999859e+00 3.871823299999999790e+01
-3.715542820000000024e+00 4.039910857999999649e+01
1.247653009999999973e+01 4.190026089999999925e+01
1.821412199999999926e+00 4.172631280000000231e+01
1.423333329999999952e+00 5.137083333000000351e+01
-5.477475000000000094e+00 5.012372500000000031e+01
-4.176000000000000156e+00 5.037700000000000244e+01
-3.880803400000000014e+00 4.047318880000000263e+01
-3.791981369999999796e+00 4.041278601999999864e+01
1.347495570000000065e+01 4.867235339999999866e+01
-4.337880000000000180e+00 4.137850999999999857e+01
-4.672516999999999920e-01 5.126225130000000263e+01
1.341317699999999924e+01 5.252316700000000083e+01
-2.195231199999999827e+00 4.304759229999999803e+01
-3.763488400000000178e-01 3.946982434000000239e+01
-3.678978600000000210e+00 4.019300319999999971e+01
4.920219249999999711e+00 5.081314015000000239e+01
2.244661670000000164e+00 4.888068164999999965e+01
1.230000000000000071e+01 5.783330000000000126e+01
-3.828095569999999892e+00 4.345623747999999864e+01
4.934389989999999671e+00 5.130094877999999881e+01
-3.041699999999999959e-02 5.356022662000000167e+01
1.945447730000000064e+01 5.177651070000000288e+01
1.344223114999999957e+01 5.250386662999999743e+01
5.292866199999999743e+00 5.168522639999999768e+01
-9.237113450000000725e+00 3.864218359000000191e+01
1.246210959999999979e+01 4.190372849999999971e+01
6.889444440000000114e+00 4.634083333000000238e+01
-3.693764900000000129e+00 4.041147870000000353e+01
1.073948000000000036e+01 5.991374969999999678e+01
2.284161409999999837e+00 4.881643605000000008e+01
1.206083332999999946e+01 5.775972222000000045e+01
9.191852510000000365e+00 4.546480927999999722e+01
1.260379370000000065e+01 4.177314799999999906e+01
-3.542993000000000059e+00 5.167632299999999645e+01
1.176964499999999941e-01 5.220703052000000355e+01
-7.548551000000000011e-01 5.132721709999999860e+01
-3.047829999999999817e+00 5.292463999999999658e+01
-2.884240000000000137e+00 5.406329999999999814e+01
2.392297500000000188e+00 4.890336221999999822e+01
-3.110646220000000017e+00 5.595424592999999902e+01
1.430851220999999995e+01 5.004640581999999682e+01
1.416249630000000082e+01 5.778428679999999673e+01
9.861742259999999760e+00 4.499378098999999764e+01
7.311111099999999530e-01 5.186805556000000195e+01
7.460189999999999877e-02 4.790000429999999909e+01
2.988489999999999758e-01 5.161797330000000272e+01
1.373529580000000028e+00 4.363059798999999828e+01
-3.720605560000000089e+00 4.040171944000000082e+01
-3.799999999999999822e+00 4.028329999999999700e+01
-8.567152200000000661e+00 3.823217589000000061e+01
8.005360000000000253e-02 5.175079279999999926e+01
8.239712499999999551e+00 5.007520029999999878e+01
1.247861007000000022e+01 4.185667815000000047e+01
-1.389444439999999892e+00 6.025999999999999801e+01
9.757673000000000485e+00 4.604261600000000243e+01
-4.643055559999999637e+00 3.654361111000000051e+01
-4.024973619999999919e+00 3.985980922000000248e+01
-2.510648999999999798e-01 5.133039889999999872e+01
-1.019122300000000064e-01 5.147139164000000022e+01
-8.257899999999999963e-02 5.152572630000000231e+01
-2.733611110000000011e+00 5.493500000000000227e+01
-7.183333329999999961e+00 5.273333333000000067e+01
-5.979707409999999612e+00 3.741232490000000155e+01
2.361160939999999986e+00 4.888674438000000322e+01
4.394999999999999574e+00 5.422999999999999687e+01
4.500000000000000000e+00 5.191669999999999874e+01
-5.881850000000000023e+00 3.945808999999999855e+01
1.208944443999999940e+01 4.447333333000000266e+01
-5.922288400000000230e+00 4.354883530000000036e+01
1.555000000000000071e+01 4.045000000000000284e+01
4.768055559999999637e+00 5.267111110999999823e+01
1.256481231000000065e+01 5.567365475999999802e+01
1.213105200000000039e+01 5.154820300000000088e+01
7.447909799999999692e+00 4.628224180000000132e+01
2.894149999999999778e+00 4.270159999999999911e+01
5.704166670000000217e+00 5.323666666999999819e+01
-9.974722220000000306e+00 5.359638889000000006e+01
4.791666700000000167e-01 5.290861111000000250e+01
-4.562500000000000000e+00 5.328305556000000109e+01
7.444139999999999979e+00 4.694709999999999894e+01
5.957740399999999603e+00 5.197600640000000283e+01
7.224620250000000077e+00 5.092204480000000189e+01
4.761060800000000093e+00 5.226236310000000174e+01
-1.821666669999999932e+00 5.364833332999999982e+01
4.797210200000000313e+00 5.155258940000000223e+01
2.553611109999999851e+00 4.743388888999999864e+01
4.749617200000000317e+00 5.263341770000000253e+01
5.427315799999999690e+00 5.188187489999999968e+01
1.847180000000000177e+01 4.290090000000000003e+01
5.730750099999999847e+00 5.893244930000000181e+01
1.893817000000000084e+00 4.154563900000000132e+01
1.893817000000000084e+00 4.154563900000000132e+01
-7.468138300000000118e-01 5.123714095999999785e+01
4.767777780000000298e+00 5.246472221999999874e+01
-4.428888889999999634e+00 5.584305556000000337e+01
1.135000000000000009e+00 5.108833332999999755e+01
5.231040410000000307e+00 5.270134267000000250e+01
-2.587777780000000138e+00 5.924249999999999972e+01
5.716541300000000270e+00 4.518942979999999920e+01
-1.957659999999999956e+00 5.073349999999999937e+01
-1.478055560000000046e+00 5.350166666999999876e+01
1.250000000000000000e+01 4.189999999999999858e+01
1.250237637999999940e+01 4.189376777999999746e+01
2.233330000000000037e+00 4.889999999999999858e+01
1.631329311000000004e+01 4.818525684000000098e+01
1.379258609999999940e+01 4.550439260000000274e+01
-8.715555560000000312e+00 5.378999999999999915e+01
7.805555600000000371e-01 5.197222221999999903e+01
1.458348082999999917e+01 5.010822918000000215e+01
4.553055200000000191e+00 5.194558820000000310e+01
9.005833329999999748e+00 4.551333333000000181e+01
5.990833330000000068e+00 5.221583333000000238e+01
5.614722219999999986e+00 5.226277778000000040e+01
1.209999999999999964e+01 4.241666666999999791e+01
3.079099999999999948e+00 4.578355020000000053e+01
1.847180000000000177e+01 4.290090000000000003e+01
-8.522500000000000853e+00 4.056638888999999892e+01
1.016666700000000007e-01 5.225138889000000120e+01
1.847180000000000177e+01 4.290090000000000003e+01
1.168888890000000069e+00 5.181361110999999653e+01
9.196114850000000729e+00 3.930348983999999746e+01
2.307326390000000060e+00 4.897429402000000209e+01
1.205016941999999958e+01 5.775167642000000257e+01
5.504730000000000345e+00 5.175303000000000253e+01
-5.985555559999999886e+00 3.738361110999999681e+01
-3.500000000000000000e+00 5.067999999999999972e+01
-5.714604210000000073e+00 4.195553299000000180e+01
1.078563439999999929e+01 4.473302790000000329e+01
2.051860669999999942e+00 4.132965690999999708e+01
-3.500000000000000000e+00 5.067999999999999972e+01
1.269572121000000031e+01 5.604601175999999896e+01
-3.677228089999999838e+00 4.045720932999999775e+01
8.926779700000000872e+00 4.440998840000000314e+01
-2.108540000000000136e-01 5.149450000000000216e+01
2.201836510000000136e+00 4.169765824000000265e+01
1.233821700999999926e+01 4.543504779999999954e+01
9.585190000000000765e+00 4.562039999999999651e+01
-1.488888889999999909e+00 5.504249999999999687e+01
-2.333330000000000126e-01 5.128329999999999700e+01
-5.349999999999999645e+00 3.613329999999999842e+01
1.256910039999999995e+01 5.568395999999999901e+01
4.657549000000000383e+00 5.248456699999999842e+01
1.710731050000000053e+01 4.814837649999999769e+01
1.086899000999999920e+01 4.699544561999999814e+01
